4995	0	39953.7608	46466.0330	39363.44187652348	70918.4154198968	76709.31950253682	93296.98482961423	0.04995
24.4901
45.6737
74.2866
81.5012
93.1284
104.0980
121.6189
128.3338
138.7211
144.9524
160.3559
194.4830
226.0532
274.0237
279.6901
297.7071
320.3555
342.8896
379.5599
385.8920
386.3849
390.8441
394.8398
416.8808
430.7470
439.2011
456.2014
478.7145
525.3554
563.6621
570.4596
597.5848
607.3587
624.2955
651.8354
655.7300
674.6881
685.3111
702.0110
710.7623
713.4029
726.8371
766.6950
784.4196
805.7162
806.8969
816.3560
822.9140
831.7139
834.5716
873.5507
887.7794
911.6045
923.9841
936.8896
940.1728
961.3506
981.3405
991.7869
996.9551
1007.4640
1026.4072
1031.4841
1040.4161
1041.7740
1087.5922
1100.5132
1113.4836
1144.0646
1174.6543
1177.2582
1193.6100
1198.6731
1202.9026
1220.2015
1231.4395
1233.1938
1237.3981
1253.2764
1325.5121
1335.6251
1363.4914
1386.1850
1386.4672
1393.6874
1423.0931
1468.1783
1481.9467
1494.4027
1546.1531
1550.9251
1552.9675
1554.5123
1564.5115
1565.7413
1572.1272
1583.4293
1602.1685
1619.3987
1628.7365
1642.1941
1643.8504
1683.7438
1699.6861
1727.7008
1739.8672
1741.9850
1782.5139
1816.0720
1826.0921
1831.8407
1866.5349
1883.4229
1903.2465
1942.5951
1951.3605
1954.0985
1975.0515
1984.2358
2000.0569
2005.2827
2015.2713
2032.4674
2042.8653
2064.7753
2069.1889
2083.4780
2092.0440
2095.2424
2095.7321
2103.1879
2109.7272
2131.2065
2173.7288
2174.9333
2187.5430
2191.7971
2234.1665
2248.0261
2258.1804
2259.3830
2273.0432
2274.4396
2286.0593
2309.7424
2318.8112
2341.0881
2400.4798
2429.2760
2473.5387
2535.6109
2536.6687
2586.0286
2612.8950
2613.8262
2621.7587
2639.1743
2666.3764
2687.0574
2693.3318
2739.0752
2747.9748
2748.5392
2796.6431
2810.5274
2815.6942
2815.7747
2861.8412
2873.5306
2888.8603
2891.7388
2906.5578
2968.6176
3024.1336
3083.8333
3107.7942
3124.4553
3138.1950
3153.5945
3153.8672
3161.9614
3168.5441
3187.8898
3189.7354
3273.3684
3289.8746
3295.0303
3298.4683
3300.2327
3301.8684
3307.4025
3308.5757
3308.7241
3319.4380
3328.8994
3335.3301
3339.1860
3350.9848
3352.4414
3354.0837
3354.3281
3357.6160
3368.7928
3373.0421
3384.0659
3402.3856
3413.2406
3438.1863
3487.9379
3509.8273
3548.7044
3548.7329
3562.8853
3564.5282
3573.1478
3597.0961
3616.4710
3621.1889
3627.0090
3657.7061
3673.4494
3682.9218
3688.6641
3690.5410
3708.0186
3708.9829
3722.0697
3723.7890
3757.7422
3758.3796
3768.2397
3786.9931
3806.0515
3816.9809
3824.6755
3835.1274
3839.2761
3846.3280
3860.5491
3884.4050
3930.0593
3932.5024
3936.2724
3975.8181
3976.4507
3980.9370
3985.6755
4007.4845
4017.0033
4028.2468
4028.6212
4034.9189
4041.8861
4042.2630
4048.9407
4090.2655
4094.6228
4114.2035
4135.6102
4137.9491
4143.4841
4169.2979
4172.1878
4209.2091
4227.4859
4231.1672
4247.6988
4251.3770
4256.4803
4259.3567
4261.7069
4263.5109
4272.2917
4307.4863
4330.0108
4335.3684
4397.2443
4407.6499
4422.4750
4448.2757
4506.8956
4531.2381
4547.3867
4548.1420
4550.9306
4551.1670
4567.2719
4578.9106
4594.5583
4599.1499
4640.6362
4653.1886
4665.3096
4682.6851
4699.5974
4702.1664
4711.6728
4728.4252
4729.5054
4753.2327
4754.8834
4761.3165
4764.9219
4765.3976
4773.2774
4790.1082
4796.1641
4796.8811
4799.4909
4803.1388
4805.7140
4823.2242
4902.8580
4969.7906
4976.3740
4993.6767
5005.3011
5019.0255
5039.7480
5051.5693
5076.7134
5081.8261
5091.9564
5132.4629
5154.9006
5168.2657
5177.3697
5210.2352
5221.0311
5236.8700
5254.2410
5256.8570
5273.1517
5280.8926
5291.2289
5323.5523
5324.7432
5383.2711
5389.5619
5407.0303
5412.0239
5417.5694
5438.9822
5458.1219
5459.2729
5490.5163
5491.5784
5509.7380
5597.9996
5667.8768
5673.0624
5682.0713
5689.9697
5690.7508
5694.7947
5697.0736
5707.1861
5710.1771
5713.9319
5724.7919
5728.4381
5734.1782
5755.8654
5773.1996
5823.8493
5827.5208
5832.7942
5868.7809
5879.5418
5895.0541
5931.6842
5940.3315
5954.6538
5964.0284
5973.5827
5989.7398
6005.7182
6020.9679
6026.8407
6048.7636
6050.3842
6067.3294
6088.8017
6123.4321
6124.6645
6201.5760
6210.0021
6212.6316
6218.8961
6219.0215
6233.1038
6257.8889
6261.6125
6268.1310
6284.1370
6284.2835
6285.9418
6302.6808
6308.5117
6343.3049
6351.8487
6394.2868
6418.7432
6455.9183
6462.2320
6467.1987
6479.4195
6489.0430
6492.9930
6548.5122
6551.9194
6558.7312
6584.7981
6619.3339
6681.9624
6684.1272
6692.6409
6700.7048
6707.4029
6768.1685
6774.9464
6793.9414
6810.8994
6813.1679
6814.2340
6814.8000
6831.4432
6850.8901
6851.5225
6864.2440
6886.2630
6896.8827
6897.2385
6900.8558
6904.0826
6911.3564
6916.4792
6916.8739
6942.2782
6946.3723
6984.9461
7006.9483
7009.9789
7013.8608
7018.8551
7031.6832
7058.2940
7069.3974
7072.1909
7076.3104
7076.9124
7096.2391
7108.3745
7124.1440
7130.0135
7164.9347
7200.3089
7228.7841
7263.0238
7264.2854
7265.5435
7271.6087
7277.1376
7301.2008
7302.4093
7332.8585
7334.6147
7351.9574
7367.0191
7411.8326
7415.2901
7415.8204
7421.9633
7442.9609
7445.8853
7453.5311
7475.9159
7480.6924
7491.3154
7498.6617
7504.9132
7539.2720
7543.7126
7549.4087
7559.0982
7561.3434
7605.6900
7615.5563
7616.2857
7620.5418
7627.5853
7630.1028
7644.8518
7652.1128
7653.7675
7655.2954
7685.5182
7689.9983
7741.0607
7775.6935
7805.9905
7842.8837
7894.0734
7930.5783
7945.0991
7954.6078
7956.1323
7962.8325
7964.3590
7995.4546
8025.0806
8029.8581
8053.5135
8105.4670
8163.8139
8189.5911
8192.5054
8224.6404
8234.2729
8260.9248
8271.5583
8272.2877
8280.2030
8284.3351
8307.1329
8310.0840
8337.0063
8347.6945
8350.7931
8371.4258
8384.8306
8391.7667
8401.4250
8450.0877
8455.9189
8508.0241
8513.5344
8529.5809
8539.4134
8547.7230
8550.9044
8592.0094
8626.9212
8636.6241
8641.0275
8682.2784
8691.7035
8714.6221
8723.4348
8732.1308
8753.1874
8771.4892
8792.2949
8812.9254
8817.8426
8825.9866
8855.5573
8871.8789
8922.1892
8930.3338
8946.6838
8959.6963
8973.5708
8982.0951
8986.4655
8995.4475
9040.7535
9077.3507
9117.4653
9123.6209
9125.1752
9128.2737
9132.5340
9133.8102
9136.3909
9157.6362
9160.6752
9174.5523
9179.3316
9237.8506
9241.2205
9242.4155
9247.1917
9248.6056
9253.4143
9301.1663
9325.3487
9332.2577
9337.1087
9338.0572
9356.9954
9395.4617
9405.3959
9411.1210
9416.3808
9438.3878
9476.9128
9479.4190
9538.3819
9545.0358
9552.0618
9573.5602
9598.3321
9604.8999
9669.5456
9695.7205
9705.7070
9726.7737
9731.6608
9775.9119
9794.0047
9819.6442
9820.1671
9825.9169
9863.0827
9876.8424
9927.4603
9931.4649
9955.1080
9974.3169
9975.8043
9996.1256
10044.5483
10045.7446
10049.4849
10053.4251
10070.4497
10087.3297
10112.4362
10122.3230
10128.6876
10178.8641
10188.1995
10200.8037
10203.9133
10215.1883
10216.3285
10240.0288
10241.7172
10243.9933
10265.5118
10274.8803
10276.1814
10297.9764
10306.1854
10338.0634
10358.7688
10359.8931
10359.9741
10362.6424
10376.6201
10376.7551
10379.4985
10386.1803
10427.3966
10458.6123
10466.1487
10540.4724
10582.3066
10598.6556
10604.7910
10611.2843
10615.6146
10620.7718
10632.6291
10634.7072
10638.0167
10642.2091
10642.6865
10654.5981
10655.4926
10660.8738
10666.6735
10678.0318
10678.9922
10684.0958
10704.0025
10734.1398
10739.4061
10741.2746
10741.8846
10757.6451
10761.1436
10776.7618
10794.6452
10805.4660
10812.3038
10863.9798
10892.6480
10896.8377
10904.9750
10915.7426
10967.4767
10983.3994
11008.8678
11017.5454
11037.4583
11068.9027
11071.4336
11074.5715
11094.9842
11115.4296
11117.9399
11191.0823
11200.7790
11203.5244
11212.8833
11238.4054
11240.0210
11250.9745
11255.5892
11268.6407
11273.6954
11290.0738
11409.0908
11411.1917
11418.5880
11424.8915
11435.7556
11441.1877
11442.4585
11448.1636
11457.0624
11492.7780
11497.5958
11499.1908
11502.1252
11506.2786
11506.6444
11510.9177
11518.9137
11533.8657
11534.3814
11543.0086
11550.8829
11552.3871
11555.2386
11563.4750
11566.3115
11577.3639
11600.7022
11606.9477
11614.4304
11633.6051
11657.3838
11707.0382
11710.8816
11747.0735
11749.7724
11755.4759
11821.5907
11878.0262
11960.6296
11967.2427
12010.0562
12014.1755
12015.4014
12034.5791
12034.6696
12050.7119
12062.4693
12108.3010
12119.4228
12127.5845
12135.1523
12170.7599
12185.3750
12197.1360
12206.2549
12227.2289
12231.5900
12240.6478
12259.5974
12276.8500
12277.7858
12287.2973
12287.9170
12297.7512
12321.5363
12358.4043
12441.1171
12449.9034
12487.3138
12488.5729
12493.2780
12536.3782
12543.7598
12554.0154
12557.6659
12562.0200
12578.5107
12618.0271
12624.7952
12625.1240
12640.2869
12644.2083
12647.7540
12652.3586
12663.5085
12679.8557
12691.1624
12717.0563
12726.8557
12728.1825
12753.1821
12757.7085
12770.2462
12793.6199
12816.2462
12824.2280
12829.2233
12887.6549
12890.8870
12895.1478
12916.7037
12921.8037
12972.3181
12983.1712
12990.3149
13026.5242
13066.8875
13113.5869
13138.0131
13151.1326
13173.0624
13176.3673
13183.9176
13193.2383
13210.0483
13211.2343
13309.1204
13314.2159
13324.4377
13367.4497
13381.5424
13389.0038
13391.9360
13396.3291
13397.3862
13409.0665
13436.6965
13452.0355
13461.4783
13495.0694
13508.8516
13509.0444
13524.5332
13545.6063
13572.5254
13582.1028
13583.6651
13595.3466
13624.9026
13625.8372
13669.1645
13690.4771
13710.3781
13713.9474
13716.7627
13720.5614
13738.7864
13738.8772
13774.7153
13776.4269
13786.7532
13793.1981
13800.2196
13812.3791
13841.0927
13842.2178
13851.5207
13863.7191
13884.5460
13893.5596
13898.2605
13923.7881
13938.0821
13975.1690
13981.3855
13999.0180
14018.7684
14028.8384
14032.2208
14042.2639
14043.7293
14055.5784
14073.2099
14105.9181
14107.4909
14115.2658
14120.0331
14141.0325
14168.8354
14172.0964
14210.7459
14216.8422
14240.4957
14241.8991
14247.0871
14270.9279
14285.8105
14309.8551
14310.0910
14364.5511
14375.0710
14397.3843
14403.8523
14437.1816
14451.9490
14454.2877
14454.8749
14463.4636
14468.9663
14475.7556
14477.0237
14505.4744
14533.1249
14541.0951
14548.7087
14550.1955
14556.8541
14582.8423
14601.1403
14604.0502
14654.2981
14655.6883
14656.5124
14663.1939
14741.6973
14806.4423
14806.8453
14813.0004
14818.3391
14830.1161
14839.6337
14845.3234
14869.2637
14874.6200
14877.8386
14891.1566
14892.2334
14894.9128
14898.4496
14900.4240
14906.5989
14921.0514
14930.4914
14942.0680
14942.3909
14946.1103
14965.2116
15021.6149
15024.2926
15033.0147
15063.4193
15064.3091
15068.0048
15091.1532
15105.9329
15115.8230
15141.4023
15157.2047
15172.8464
15174.2355
15183.7707
15185.5377
15200.9324
15228.4015
15279.5871
15307.9294
15329.9266
15397.7297
15398.6938
15415.3118
15432.7965
15441.2838
15498.8832
15544.2425
15582.5954
15629.3518
15636.2851
15674.2268
15681.2977
15687.5521
15688.3484
15691.8669
15692.0303
15696.7519
15697.7589
15704.5243
15709.0727
15709.3726
15714.2771
15714.5903
15715.8105
15722.5704
15725.3898
15731.9963
15732.4794
15743.5628
15760.4796
15765.0846
15771.8201
15775.8030
15816.1347
15818.8247
15823.0258
15824.2601
15833.0828
15837.2935
15841.1492
15845.9012
15849.0834
15863.5706
15870.5045
15882.2270
15900.1830
15905.6771
15978.4232
15980.3500
15990.8612
15994.8317
16035.3081
16050.1196
16056.3668
16071.5240
16083.2683
16099.7256
16099.7790
16105.3441
16108.0841
16109.8099
16111.9537
16118.8222
16155.9903
16168.4688
16168.5737
16211.5181
16239.3281
16246.6519
16257.7874
16287.9275
16294.9162
16319.7268
16329.8488
16381.1400
16386.9448
16394.7696
16410.1414
16425.2249
16466.7735
16475.4387
16478.0716
16479.6222
16481.4475
16483.6506
16512.7475
16542.6482
16544.5434
16551.8179
16572.8048
16582.3642
16585.7969
16598.5347
16600.1505
16601.2079
16620.7953
16621.1433
16630.7252
16632.0301
16642.1709
16645.9738
16652.3159
16660.1355
16673.6140
16674.2686
16678.5295
16696.4654
16723.1239
16741.3117
16742.4998
16756.0214
16760.1392
16771.1066
16779.9906
16781.6617
16825.0153
16876.5666
16880.3180
16885.8767
16897.7051
16921.5794
16953.2455
16955.7516
16956.3506
17008.5849
17015.9351
17017.8118
17023.8803
17029.6050
17084.7236
17125.5347
17154.7746
17172.7697
17183.9940
17207.7807
17213.7463
17220.4903
17234.4024
17248.2943
17249.0989
17250.3923
17250.7025
17266.0723
17275.8009
17280.0536
17281.1005
17286.4750
17324.7813
17339.8015
17370.8260
17381.1058
17392.4731
17398.9781
17400.3465
17401.2546
17402.0846
17413.2966
17432.6790
17437.1576
17444.7634
17446.9618
17457.4985
17503.6417
17518.0606
17588.5651
17596.4824
17608.2239
17626.0760
17627.3774
17669.6808
17690.2305
17707.0131
17714.2614
17743.0636
17745.0055
17755.0370
17755.3561
17755.4685
17757.2778
17766.8835
17768.3916
17783.5208
17819.9632
17847.1287
17848.8061
17854.9501
17866.0628
17879.1323
17894.8772
17919.8077
17948.2598
17952.8480
17987.8662
18024.4356
18069.2853
18076.0031
18089.9960
18091.2836
18123.7360
18124.6786
18135.4813
18137.6044
18156.2230
18165.7376
18170.0801
18194.5423
18207.6402
18222.9919
18225.6394
18250.6175
18254.0092
18255.3756
18260.8375
18279.5041
18298.8363
18302.8932
18326.1913
18365.1676
18365.3657
18372.5682
18377.0944
18377.2813
18390.9301
18411.8200
18421.1924
18429.8930
18438.0127
18477.5932
18511.6438
18513.6383
18516.7464
18525.9093
18530.5236
18597.8313
18605.0525
18617.0088
18634.2185
18669.1192
18689.1853
18711.1711
18728.5934
18770.9069
18947.1717
18967.5816
18970.0363
18990.7134
19034.2586
19035.7065
19051.5741
19056.7244
19057.7555
19060.9674
19069.0556
19075.6969
19083.4771
19092.1457
19110.9587
19126.1908
19138.0033
19138.2437
19145.3543
19149.9233
19179.6781
19188.1359
19188.5626
19193.3606
19208.1011
19217.2715
19262.3276
19310.5015
19324.9528
19330.3593
19348.8622
19369.0089
19401.8919
19441.9019
19442.5983
19445.3399
19481.8432
19494.5254
19499.1692
19525.2752
19538.1609
19582.9803
19599.1773
19607.6121
19612.8173
19637.3174
19653.9316
19671.5700
19699.2811
19720.2114
19746.4692
19757.0237
19766.2067
19799.7982
19832.6462
19836.1533
19872.5153
19892.0984
19910.7236
19914.5153
20000.5928
20018.6575
20075.6204
20077.4711
20077.7095
20079.9089
20080.5238
20081.4317
20093.4383
20115.5854
20139.4341
20175.0620
20175.7396
20179.1208
20186.9158
20217.8447
20237.1412
20240.5761
20241.3230
20243.9674
20262.6675
20293.2864
20302.0479
20307.1305
20316.0635
20370.2815
20372.5374
20381.6100
20404.4841
20443.4328
20446.7135
20447.1875
20455.5268
20484.5778
20495.9719
20510.8603
20514.3365
20515.3173
20515.5397
20549.1885
20549.5804
20562.5852
20575.6710
20616.1618
20626.8621
20632.6226
20661.6112
20662.2724
20662.2964
20663.9098
20667.8325
20673.3285
20674.4812
20727.3360
20765.0308
20834.4432
20840.1660
20862.9678
20906.6803
20931.9122
20935.8549
20937.1468
20959.8144
20966.9984
20967.7575
20979.2477
20989.1511
21016.3538
21042.6574
21055.8678
21089.7049
21094.3848
21107.0560
21121.9620
21122.3450
21138.8528
21140.7210
21154.5815
21191.8586
21201.5827
21210.4194
21219.0717
21225.1488
21227.9872
21267.0050
21272.4746
21276.2216
21301.1267
21314.3937
21340.6840
21342.7957
21364.7892
21409.3176
21480.6705
21501.2215
21509.8968
21512.4931
21535.1406
21554.8677
21573.7942
21583.2576
21592.1780
21612.1799
21625.9056
21672.2205
21678.0750
21698.7439
21700.3766
21737.3627
21738.7452
21761.5615
21801.2236
21804.1937
21806.4880
21817.4239
21826.3170
21840.9839
21845.1336
21880.4845
21897.0090
21898.2825
21898.8731
21915.9203
21923.4757
21938.6602
21942.3295
21970.2238
21982.2835
22050.1914
22097.8533
22119.6254
22130.4152
22154.5853
22158.4798
22158.6842
22172.9261
22175.1596
22208.1651
22216.7946
22217.3081
22223.6752
22251.7375
22272.4801
22276.8727
22278.4942
22280.6449
22298.1055
22310.6500
22315.6766
22320.1076
22322.0860
22333.2713
22333.4423
22334.8860
22352.3571
22355.4352
22376.8852
22383.2094
22405.1933
22412.2379
22415.1269
22440.0301
22444.4994
22487.4030
22489.6269
22505.1717
22507.4829
22536.4553
22546.7854
22558.7305
22634.8221
22635.1473
22640.7520
22642.7864
22705.1324
22723.8197
22734.4277
22741.6683
22760.3279
22779.2731
22808.4493
22811.4173
22815.7547
22845.2827
22851.0542
22863.9545
22871.3704
22883.0217
22905.4793
22944.1914
22947.3137
22955.2392
22958.9076
22973.5678
23004.5887
23040.3940
23082.9186
23099.0394
23132.0230
23142.4215
23152.6377
23153.2946
23191.6815
23208.7236
23212.8946
23233.9499
23252.9324
23263.8073
23311.6352
23314.2262
23345.1543
23360.4980
23373.7956
23380.0625
23394.6369
23441.0843
23444.8246
23445.2264
23449.0549
23464.8580
23534.9109
23536.6653
23553.4302
23557.1067
23561.3338
23573.9538
23584.9303
23615.8152
23622.0847
23683.9919
23698.5459
23741.7269
23776.0976
23779.4056
23784.1314
23787.1668
23805.7551
23806.8028
23826.3621
23836.1443
23840.5288
23842.8947
23848.4288
23877.3914
23881.2048
23881.7944
23892.2485
23908.8253
23916.3178
23921.2619
23929.0741
23946.0830
23952.7140
23960.1591
23960.4179
23974.9734
23984.3214
23986.3601
23986.4608
23987.0754
23996.1156
24022.0685
24056.0459
24071.2334
24078.4728
24079.1614
24107.4045
24128.6441
24141.4020
24143.0817
24147.7620
24155.0453
24174.7696
24175.0987
24201.8040
24214.6540
24258.0424
24279.2821
24281.4920
24285.5694
24295.7668
24303.3539
24314.0632
24324.8326
24332.1699
24341.2122
24349.7731
24365.8733
24379.6026
24386.5847
24459.3433
24478.2200
24478.6578
24480.7909
24501.0702
24557.0551
24570.2934
24586.0019
24586.5268
24607.5007
24636.3214
24641.2313
24667.9656
24773.3520
24784.5238
24790.6136
24797.2420
24811.8680
24820.8198
24850.9483
24865.2015
24865.9666
24913.4816
24914.8893
24924.7253
24931.4442
24937.2600
24954.4824
24974.0393
24992.6293
24993.3634
25008.4830
25064.1774
25116.6414
25127.6715
25154.1462
25184.7360
25192.6903
25228.0029
25268.3901
25288.7154
25313.6173
25315.4110
25335.0824
25343.9132
25361.9566
25388.8981
25422.6746
25425.6061
25432.5000
25453.4101
25529.6017
25534.7448
25537.5966
25551.7153
25588.3858
25597.2988
25667.5478
25671.4751
25694.6052
25701.2135
25703.4258
25703.5411
25720.4140
25735.4443
25763.7328
25796.0116
25873.3265
25879.4931
25897.1358
25898.4227
25926.7103
25941.9487
25944.8345
25954.3656
25962.5650
25963.6583
25987.0367
26022.7076
26027.5109
26075.9561
26141.1897
26163.7502
26167.1273
26178.5422
26184.4863
26258.8739
26269.1045
26271.8847
26272.4936
26286.8968
26289.0360
26291.4789
26294.5098
26295.4591
26345.3841
26350.4940
26362.8863
26402.9582
26406.4350
26419.7558
26432.4737
26440.7098
26448.2680
26466.9840
26481.4860
26492.1735
26504.8966
26567.1057
26571.9897
26582.6191
26583.7931
26621.3920
26631.9762
26645.4973
26665.8720
26668.2116
26698.2180
26735.9749
26766.0370
26773.4160
26773.5917
26792.4616
26821.6051
26825.5782
26838.1047
26845.3286
26863.7518
26871.2799
26878.4151
26886.0581
26900.3670
26985.2348
26986.6842
26988.8637
26989.2700
27035.3671
27040.1201
27047.6722
27052.7236
27061.0641
27061.8160
27082.8230
27156.2617
27168.6795
27169.4185
27183.3118
27187.0512
27206.1602
27229.1605
27230.8728
27233.1891
27258.2950
27258.5110
27266.5839
27274.5631
27278.5766
27286.9932
27301.6527
27301.9060
27315.5917
27322.7541
27340.1717
27355.8121
27385.3477
27394.5224
27403.4728
27404.7755
27422.3741
27445.1602
27476.9087
27479.6326
27532.9779
27551.8433
27601.7024
27612.5283
27615.5807
27619.8878
27627.1674
27635.1872
27640.7548
27662.6381
27671.8613
27841.5883
27867.1623
27901.6360
27918.9354
27919.9912
27922.0415
27936.9731
27947.7144
27982.8575
27987.7468
27994.3038
28015.4920
28037.3099
28078.0414
28105.8673
28115.4685
28118.1992
28123.2941
28126.1582
28165.9151
28184.0297
28184.1719
28206.3448
28224.6403
28253.7212
28258.4605
28266.8067
28290.6751
28301.8989
28316.2996
28336.6642
28449.2565
28454.0560
28458.1123
28467.7632
28475.3930
28490.8799
28492.2993
28496.9407
28503.2916
28507.0283
28509.3734
28510.3561
28541.5367
28545.7724
28547.6739
28556.3231
28556.6400
28559.5234
28581.4830
28595.1073
28603.9458
28613.6609
28633.3034
28647.1101
28670.1392
28684.3638
28694.6690
28697.0281
28703.3939
28741.6355
28743.2156
28757.4238
28786.5972
28793.0272
28834.8193
28843.3590
28849.2749
28856.3799
28860.2800
28879.8246
28883.3836
28898.4215
28938.0528
29034.7054
29045.1342
29054.8126
29056.2189
29068.4343
29085.8973
29145.8143
29162.2199
29224.1353
29239.1752
29241.7011
29246.4910
29258.2378
29265.6862
29270.0358
29270.2105
29289.8557
29295.3826
29299.8474
29302.3555
29304.5053
29305.0316
29308.1123
29336.4596
29356.2632
29401.4054
29422.9543
29442.7409
29464.3672
29468.1987
29473.8756
29510.7964
29515.3917
29521.3969
29526.6462
29547.8615
29592.0017
29608.0194
29609.2913
29646.6039
29661.8626
29672.3295
29673.5469
29716.5871
29720.9494
29722.6639
29759.4607
29764.2153
29782.1579
29787.9840
29793.2474
29803.2498
29805.2004
29829.6099
29834.2753
29835.5655
29837.0890
29860.9659
29876.8205
29888.3606
29899.3110
29914.4710
29927.4703
29940.8551
29942.1120
29945.7191
29949.6589
29956.8796
30032.5788
30051.3669
30079.1333
30088.2493
30094.3968
30104.4914
30105.0920
30107.8558
30110.5658
30131.2558
30197.6563
30204.5516
30214.5767
30215.8045
30248.9018
30285.9084
30305.0288
30310.5082
30354.8982
30355.3393
30355.4400
30360.1714
30401.7947
30430.2966
30441.9475
30444.0048
30454.0152
30455.8950
30458.9263
30481.4819
30493.0739
30519.4542
30522.1750
30546.6676
30569.7739
30573.4755
30573.7481
30592.5481
30606.4023
30612.1290
30650.1824
30655.6249
30655.9726
30681.2319
30699.0543
30704.1738
30707.6286
30722.6926
30731.0601
30733.5201
30794.2872
30802.2422
30808.4187
30843.7373
30867.1008
30867.6098
30892.7787
30905.2248
30930.9222
30934.4008
30959.9873
30964.3775
30988.4983
31006.6382
31024.9848
31049.6494
31061.6849
31068.0489
31157.9935
31183.4021
31210.6625
31226.1135
31241.7709
31255.0198
31259.3668
31261.7377
31265.1191
31268.7850
31270.8344
31273.3215
31317.9983
31337.7060
31340.0287
31348.6058
31349.6225
31377.9319
31389.0643
31429.4257
31432.0799
31448.3010
31460.1540
31461.6478
31477.5390
31490.2482
31495.5729
31505.4590
31516.5506
31517.3195
31528.9800
31533.4649
31536.5428
31537.6429
31567.7303
31582.3676
31582.5268
31626.8376
31653.0466
31677.0766
31683.9140
31719.4423
31722.8526
31722.8904
31769.4077
31783.3058
31788.9027
31791.1065
31809.5789
31846.6254
31847.7010
31917.9750
32059.2599
32059.6661
32060.5333
32075.1017
32079.8247
32081.4550
32085.9561
32089.3584
32089.6418
32099.8984
32112.1650
32120.6920
32135.0262
32136.7771
32150.0067
32163.0455
32195.2954
32211.9951
32214.9286
32241.7378
32247.7923
32252.9470
32266.5125
32267.5273
32272.2590
32275.1869
32281.4486
32295.6804
32303.3092
32303.5333
32338.5064
32391.7041
32413.0213
32422.8352
32442.6284
32456.8431
32500.6982
32538.1312
32542.5423
32578.5390
32584.2959
32596.5324
32601.6269
32616.2180
32623.6995
32659.1065
32664.8246
32672.9886
32679.2465
32688.5606
32691.6689
32692.7485
32702.8968
32705.1439
32710.5560
32715.6176
32723.5005
32724.0332
32724.4745
32758.1578
32760.2994
32782.1144
32799.2660
32817.4471
32833.5183
32892.1902
32901.8405
32915.1642
32916.1565
32937.2863
32950.7223
32950.8597
32977.6154
32985.8850
32993.3285
32995.1518
32996.9871
33004.9433
33006.1265
33011.9425
33023.7186
33043.8392
33051.7742
33069.5635
33069.9377
33085.9872
33090.2147
33124.1479
33211.7804
33224.6354
33235.2532
33241.9269
33254.4824
33273.5119
33297.7046
33306.3682
33310.6679
33311.3026
33313.9148
33343.5512
33347.4672
33353.7130
33368.5724
33372.6910
33377.5285
33387.7705
33389.9441
33391.2014
33397.4014
33404.8768
33405.9042
33419.9686
33423.5428
33438.6030
33448.2474
33455.4462
33461.1013
33467.8266
33489.2594
33490.4728
33600.8642
33692.7402
33724.4077
33758.1540
33783.3666
33802.3524
33809.0050
33810.2666
33811.7080
33815.9613
33816.0582
33836.5208
33917.7970
33945.3182
33948.7920
33949.6674
33951.0971
33962.5254
33972.6467
33972.6764
33974.4702
33985.0019
33987.8105
33996.2015
34003.5121
34007.4021
34007.8147
34011.7989
34012.1354
34014.6722
34025.2966
34028.0885
34034.6395
34084.8502
34095.0057
34107.8576
34115.7310
34143.1855
34156.7656
34167.8032
34199.2917
34205.8214
34247.9902
34249.3838
34260.1153
34274.7651
34299.6516
34300.0606
34301.8048
34308.0623
34314.7008
34328.0804
34337.7349
34350.2585
34387.4164
34388.4211
34413.1948
34425.1058
34457.2281
34465.7624
34477.3693
34493.6801
34520.3819
34531.5157
34538.4735
34550.6497
34560.5514
34562.0334
34596.2123
34618.7033
34619.4533
34621.8114
34625.5135
34630.2115
34632.6557
34662.9894
34667.2693
34668.8833
34676.8481
34681.4790
34707.4340
34722.2492
34725.4315
34736.7023
34755.6110
34758.9540
34769.7757
34781.6884
34793.8743
34813.9893
34834.4065
34837.5506
34844.0359
34847.0126
34864.1189
34883.9151
34904.0542
34911.5410
34916.2467
34944.2750
34948.3259
34973.8127
34984.1783
34996.1190
35017.1432
35042.9055
35046.1277
35067.4867
35097.2884
35107.7434
35107.7723
35134.4349
35146.3580
35160.5698
35173.9508
35176.7210
35180.8733
35181.4097
35209.9881
35214.4553
35228.2957
35259.6036
35270.8166
35309.0990
35327.5711
35370.3931
35394.6081
35423.1298
35426.6845
35430.9164
35459.8071
35487.8430
35494.6070
35511.7847
35515.8918
35572.0208
35575.6895
35585.3649
35607.8349
35612.8585
35628.1238
35647.1877
35647.7998
35664.6548
35665.2989
35672.4115
35723.4256
35725.4615
35752.4981
35766.0218
35766.6138
35786.9945
35795.9444
35835.8460
35864.9649
35870.5076
35878.3431
35881.5820
35921.2391
35951.0007
35963.3157
35963.3517
35974.4999
35981.7864
35983.8204
36017.6646
36025.0258
36028.4128
36057.4222
36111.7325
36154.5956
36186.8397
36202.8992
36209.7551
36213.8081
36218.9996
36230.2716
36260.7701
36279.9190
36299.8476
36309.4433
36332.8018
36343.0762
36344.9535
36348.7354
36349.4958
36359.9243
36414.8771
36416.1222
36428.8144
36441.1094
36446.9083
36489.5205
36507.1064
36508.4439
36536.7662
36543.2546
36546.5674
36558.6064
36560.7934
36561.8501
36563.0747
36583.5735
36636.3821
36650.2094
36665.5872
36715.4827
36727.0387
36753.8020
36764.1022
36764.8033
36771.8069
36775.9700
36818.7283
36833.4279
36842.5500
36907.9946
36908.6447
36940.8116
36973.0644
36973.4659
36988.1630
37011.8615
37023.1389
37037.3280
37051.3895
37057.9303
37075.2252
37078.8146
37079.1731
37079.7563
37082.5370
37092.8498
37100.6695
37103.4690
37113.1167
37113.8944
37116.1326
37119.4004
37122.4526
37125.9252
37133.6668
37136.8974
37144.7596
37145.3859
37147.6760
37148.4965
37158.3507
37158.4842
37211.8194
37216.8059
37223.0278
37228.1197
37253.8198
37263.5988
37306.6271
37326.5533
37369.5604
37381.3334
37388.3472
37407.7994
37415.3562
37432.9921
37435.9946
37462.7794
37463.3215
37473.0001
37487.0388
37493.6023
37495.5081
37497.8330
37517.4059
37517.4080
37522.9752
37539.5650
37544.9847
37548.6353
37585.3060
37586.7358
37600.9292
37632.2284
37650.9011
37651.0112
37678.2812
37709.2592
37712.2653
37712.7226
37729.3770
37749.0793
37751.9434
37757.6381
37759.1384
37791.6731
37824.2250
37868.5782
37879.1999
37879.4509
37905.7984
37917.4101
38045.0966
38067.3860
38074.2925
38093.4088
38131.2389
38150.9136
38192.5047
38232.8851
38236.4510
38240.1334
38251.9429
38271.4934
38315.8734
38322.0604
38323.0039
38348.9315
38355.2025
38366.5325
38367.4012
38384.7783
38395.1498
38397.0354
38400.2533
38408.4578
38412.5757
38458.8342
38459.2721
38514.4050
38527.9675
38533.0539
38593.2803
38596.9501
38618.2905
38629.3146
38654.3346
38658.1591
38685.3349
38687.8516
38716.7906
38729.3506
38764.5087
38847.3600
38854.9717
38860.4914
38866.8448
38884.2473
38900.2256
38900.6767
38905.0343
38942.0537
38957.5409
38978.5718
38989.9050
39025.7059
39059.5990
39070.2495
39098.5316
39116.9544
39139.2250
39145.6213
39150.8764
39163.5177
39193.8788
39215.0329
39222.1265
39230.1834
39278.3919
39279.6941
39333.9423
39334.4428
39363.4419
39364.1824
39370.7406
39380.5585
39405.1263
39435.8982
39456.1712
39459.6220
39471.6787
39474.5740
39487.2830
39492.5279
39495.0488
39497.1965
39498.1701
39515.5606
39530.6941
39539.7731
39554.1907
39577.3384
39585.3413
39594.8550
39610.1994
39611.9273
39638.3946
39684.8344
39685.1188
39696.7033
39709.5713
39746.7667
39788.2271
39788.9029
39817.4236
39833.3969
39905.0720
39926.5700
39949.9314
39950.2970
39952.7806
39956.5332
39957.2226
39969.5661
40018.0753
40020.3727
40021.1372
40027.7630
40033.7037
40081.2522
40121.7302
40129.1799
40152.6768
40170.1219
40175.2269
40191.8584
40225.8868
40236.5125
40240.6348
40242.3468
40252.2995
40256.1966
40262.7910
40276.2377
40287.5690
40303.1614
40317.8275
40348.6940
40355.3341
40358.6907
40374.3232
40374.7733
40381.3518
40417.6661
40450.2377
40458.6733
40496.4601
40517.2994
40517.8764
40535.9907
40546.9032
40547.8533
40555.7256
40584.2790
40597.2484
40620.2790
40620.5009
40638.4342
40645.3444
40678.2978
40697.7347
40705.0542
40709.3061
40739.8359
40753.8173
40754.5950
40810.9016
40842.5379
40843.9390
40847.8237
40852.1511
40854.8176
40859.9804
40863.2203
40874.9492
40899.3278
40915.7685
40918.7676
40925.2470
40951.6788
40976.6948
41002.3608
41029.0724
41029.6634
41036.4498
41046.2099
41068.3923
41072.7986
41072.8245
41101.9626
41104.9693
41132.4840
41136.6763
41147.6736
41155.0696
41158.4737
41176.8586
41178.2772
41190.1366
41193.5241
41236.5734
41288.5529
41298.0288
41301.4028
41410.1182
41411.9130
41416.3590
41421.0329
41487.3928
41499.7052
41508.1375
41523.2498
41528.6818
41544.8279
41550.5347
41560.6275
41586.0045
41589.5824
41601.1783
41602.5843
41681.7845
41689.6764
41697.9054
41710.5654
41713.2071
41749.7847
41760.0476
41788.0570
41813.8503
41843.7650
41892.3427
41894.7728
41896.8642
41912.0892
41920.5166
41923.7646
41925.4891
41968.5182
41979.6085
41980.7707
42003.3021
42006.5238
42063.0923
42087.6168
42093.8808
42118.0255
42169.9820
42171.7057
42223.6825
42225.2261
42231.7552
42234.7898
42249.9307
42267.8810
42270.2823
42277.6906
42283.4951
42310.3273
42336.4895
42351.3340
42384.7998
42404.0708
42427.9608
42456.2899
42456.5422
42464.2646
42464.9111
42466.0193
42469.8879
42474.0055
42479.2352
42480.6059
42500.5118
42518.5398
42545.2323
42568.5212
42607.8477
42620.1145
42633.2732
42645.1738
42720.4319
42742.8661
42743.7750
42755.4058
42782.3559
42801.5159
42803.4674
42815.9399
42830.9667
42839.9751
42847.3805
42850.0389
42889.1910
42900.3067
42900.7880
42904.1779
42911.9263
42931.2792
43036.8438
43055.7162
43128.9242
43149.4596
43195.9587
43233.5722
43241.2555
43250.6867
43266.9294
43277.4358
43280.0657
43286.5054
43287.8983
43298.0802
43305.2895
43313.5245
43330.4238
43342.5895
43342.7945
43344.7267
43346.4304
43349.7948
43395.0917
43395.6109
43397.7593
43428.8169
43440.6798
43444.2846
43476.1449
43485.9805
43490.4701
43495.2101
43498.8845
43542.7277
43559.0778
43565.1539
43615.6611
43617.4983
43623.9648
43628.7658
43644.7053
43645.1708
43646.5898
43656.7218
43664.1680
43665.5453
43665.5871
43666.3094
43726.4843
43728.9043
43780.2062
43837.8424
43846.5113
43879.4374
43881.4606
43909.8121
43923.7658
43925.8068
43962.1802
44017.3330
44084.6611
44107.1232
44109.5193
44122.5455
44125.4641
44141.0098
44147.4515
44198.3779
44303.2010
44313.3994
44314.6238
44319.1145
44322.6925
44330.1181
44333.9590
44339.7530
44366.4237
44440.0109
44445.1972
44446.3262
44456.9092
44476.3784
44484.8224
44497.8682
44505.0611
44509.7982
44512.0432
44515.4477
44517.1936
44520.3487
44522.3852
44550.3293
44578.6203
44584.6117
44587.2907
44590.9945
44592.1633
44593.2909
44597.8679
44598.1828
44609.3624
44612.2841
44631.8833
44693.5310
44695.8477
44717.6304
44722.6207
44748.8876
44786.6342
44788.9439
44893.7473
44912.7055
44954.5285
44965.1486
44972.2419
44996.9726
45026.7947
45032.9509
45066.6491
45077.9375
45078.1712
45096.9904
45107.4992
45152.2276
45174.2673
45175.4217
45179.6577
45183.0373
45205.2267
45208.1959
45214.0140
45231.7344
45232.5331
45234.5990
45240.6744
45261.0054
45264.3355
45275.6154
45283.6150
45292.3476
45344.8067
45354.8067
45366.3044
45453.7667
45486.5986
45487.3866
45493.5723
45497.8079
45500.2642
45500.6541
45508.6527
45509.4195
45513.1858
45513.8245
45519.4441
45519.7104
45522.5600
45532.3340
45568.4561
45595.1515
45598.1978
45601.8111
45617.1510
45652.0351
45681.9719
45690.1597
45710.8908
45726.3756
45771.7866
45801.7452
45822.0402
45875.6508
45940.7484
45949.8440
45953.8715
46015.8545
46019.9312
46034.0576
46035.4893
46088.3320
46128.7057
46155.4697
46157.2041
46163.3938
46170.4194
46195.4249
46209.6241
46226.2189
46235.5346
46242.6304
46266.7189
46279.5389
46280.0680
46304.9419
46353.7289
46362.6666
46372.8824
46381.0765
46385.8010
46428.0532
46464.4030
46509.0736
46516.2746
46525.1501
46549.6833
46566.7797
46573.3196
46581.5670
46609.8509
46646.2841
46678.9373
46681.0730
46686.9083
46702.1824
46706.7221
46715.7229
46716.9455
46717.1740
46729.9863
46756.0925
46759.3521
46767.8012
46781.0523
46792.6209
46800.5463
46822.0700
46856.4958
46861.5167
46863.9024
46870.6249
46878.2016
46922.5759
46927.1916
46927.5517
46934.4933
46940.0388
46957.3919
46973.8731
46986.5894
47051.6678
47059.2171
47101.7382
47112.6355
47140.6776
47147.5261
47151.1759
47154.5274
47184.2611
47189.9954
47190.9857
47195.6844
47226.9662
47270.0694
47289.4705
47307.8366
47365.3985
47372.4416
47376.6174
47387.1790
47408.9564
47421.7509
47426.0701
47437.2060
47439.6195
47446.5141
47463.7798
47470.1353
47478.8008
47497.8531
47502.1831
47508.4315
47530.6213
47537.5960
47554.3615
47557.3723
47557.4025
47561.1437
47562.5857
47609.6551
47635.8570
47704.3943
47706.1966
47770.8187
47773.8261
47775.8800
47797.2602
47846.0858
47849.9624
47881.2942
47888.7704
47899.2527
47910.8644
47913.8642
47921.1043
47922.0849
47924.5797
47926.6275
47975.4352
47984.6164
47985.5211
47990.0069
47998.2327
48000.2614
48000.3831
48013.9718
48014.3889
48027.2179
48032.8724
48034.4426
48038.0861
48043.1472
48047.9342
48060.2334
48068.3848
48108.1998
48117.0903
48131.5699
48151.0006
48197.5523
48216.7148
48253.8547
48258.5451
48265.5504
48296.4878
48315.3955
48325.1985
48338.1522
48338.7669
48354.3370
48359.1322
48416.9432
48417.6889
48452.1952
48467.8419
48471.5947
48488.2140
48493.6992
48500.6185
48525.4700
48539.6687
48582.1571
48612.9775
48616.2293
48627.8348
48630.8025
48634.9128
48635.1709
48635.4201
48648.1742
48649.2911
48657.6535
48659.1148
48665.7883
48683.2432
48692.3201
48696.4373
48705.4496
48763.7197
48768.0307
48776.0502
48777.5152
48784.8192
48805.3972
48825.3827
48870.6506
48871.7647
48873.8360
48877.0002
48926.4750
48985.4367
49016.0113
49029.2505
49034.3943
49035.4806
49077.0734
49221.8824
49250.7058
49256.1945
49266.8677
49268.5220
49278.8222
49284.6190
49296.2389
49296.8132
49308.6461
49326.7270
49339.0875
49340.4854
49344.4220
49345.9474
49353.8109
49360.4045
49387.8851
49415.2683
49437.0776
49452.1832
49480.1274
49488.0863
49494.3727
49509.4929
49523.3576
49538.3743
49564.3354
49567.3901
49569.2090
49586.4957
49609.4521
49618.3528
49620.4881
49642.3986
49644.6046
49657.6151
49659.4387
49659.7220
49686.4209
49725.6126
49736.8488
49741.4937
49762.1947
49790.0943
49869.9547
49890.3127
49957.8021
49960.9069
49963.2009
49973.6281
49977.4907
50020.6788
50040.9775
50042.8341
50051.5080
50053.2188
50074.2123
50074.4491
50101.4751
50127.5984
50138.8354
50164.1233
50192.7688
50194.3948
50204.1508
50206.5795
50226.2029
50282.1971
50285.7751
50299.3277
50341.6384
50347.6843
50392.3623
50398.1480
50402.3138
50413.9197
50568.8315
50596.0765
50605.3571
50674.3392
50707.9187
50714.4203
50718.3939
50720.3504
50739.9688
50744.3398
50751.2029
50752.1646
50754.0183
50755.5528
50759.0551
50763.5052
50766.3143
50768.2580
50769.8353
50770.1382
50791.8294
50813.8012
50815.7807
50823.9048
50825.7203
50849.1115
50863.3386
50879.4690
50883.7024
50894.2049
50908.6031
50935.5062
50941.6200
50947.8953
50958.3489
50959.5584
50975.2604
50977.1964
50978.2050
50980.7858
51002.5740
51003.1546
51024.3008
51034.9061
51043.7368
51066.9518
51070.6298
51112.1659
51116.3525
51122.0792
51134.6250
51138.4620
51163.7645
51166.6891
51173.7055
51197.1526
51215.9427
51228.5968
51235.3391
51249.2603
51311.4763
51327.6684
51356.8194
51364.9295
51368.0769
51370.9411
51381.8711
51386.3982
51393.1551
51403.3768
51405.9994
51407.5396
51426.6506
51432.8808
51437.1979
51437.3619
51460.5222
51462.8601
51463.9248
51486.6762
51488.3897
51493.5026
51496.6391
51510.5043
51512.5417
51516.8095
51551.1943
51551.8038
51560.4262
51613.8607
51641.5580
51658.6084
51683.6422
51710.5160
51721.4345
51726.9183
51745.5269
51752.7484
51757.8999
51772.1505
51784.8856
51797.8476
51837.8059
51840.2020
51866.8050
51899.6812
51934.6286
51934.8780
51936.9269
51949.2229
51950.3108
51950.3113
51955.9045
51976.7122
52016.3407
52020.4690
52028.8628
52075.4072
52096.8781
52097.3176
52112.6701
52119.3343
52173.1028
52178.0526
52206.2742
52208.5577
52213.8697
52245.7848
52267.4216
52267.8856
52275.0129
52293.8813
52313.0857
52351.3005
52386.3685
52417.2549
52424.4474
52429.9079
52466.3912
52470.5023
52539.2324
52547.8376
52577.8504
52603.4765
52606.9742
52610.2738
52611.6282
52623.1263
52630.0074
52631.3021
52646.5898
52703.7090
52704.7334
52712.9138
52720.4489
52730.0561
52734.1346
52741.7538
52749.0332
52750.5490
52751.0057
52762.2674
52770.8159
52771.2132
52776.1273
52808.6406
52816.9793
52855.8113
52862.1114
52878.7508
52912.0509
52926.0559
52928.8137
52930.4417
52941.0132
52949.2236
52954.7513
52995.2778
53008.1469
53032.1805
53054.1318
53106.7029
53114.0399
53127.9908
53162.6786
53178.9888
53195.4589
53224.1406
53224.3511
53237.6156
53252.0845
53265.4979
53345.4280
53364.9470
53405.2938
53552.2299
53558.8077
53565.9679
53581.9154
53643.9211
53649.2551
53650.5428
53685.9892
53742.4286
53750.0585
53766.3163
53778.2744
53787.8673
53812.3429
53833.7781
53834.2847
53848.4060
53893.1136
53895.0276
53932.6234
53961.0515
53983.4426
53985.2726
53990.2499
53994.6482
54009.6789
54026.7392
54028.6359
54039.1618
54050.5368
54071.6752
54130.5627
54148.6920
54161.4525
54168.3619
54168.6251
54169.7905
54173.4182
54198.4304
54207.4453
54211.4874
54223.3054
54264.7529
54270.6800
54271.1161
54271.8407
54282.9405
54297.7561
54301.4982
54302.7610
54311.3791
54321.6469
54333.7866
54366.5342
54378.0246
54380.4274
54396.7042
54405.8039
54407.6580
54412.8759
54424.1242
54427.0208
54427.2048
54454.8561
54458.7755
54467.0620
54472.6119
54485.8850
54495.1995
54514.6500
54516.2747
54523.5013
54541.7014
54549.6885
54559.9553
54575.5078
54580.1717
54581.5819
54612.4192
54631.3077
54631.3349
54636.9765
54696.5297
54731.7594
54760.6643
54764.2210
54806.0846
54809.3132
54829.9266
54852.3952
54878.9788
54904.4012
54928.5351
54945.5049
55054.1786
55056.2460
55075.7311
55087.8940
55110.7945
55112.6309
55114.0505
55118.2904
55135.2332
55141.7452
55156.9581
55158.7025
55159.8653
55162.7411
55170.7747
55171.9485
55178.9745
55180.8820
55191.1014
55196.9062
55198.6630
55201.7658
55219.2777
55228.7883
55270.8280
55272.8837
55284.2414
55284.6440
55287.8959
55312.5587
55314.8316
55322.1014
55322.3302
55336.7446
55349.3350
55370.7535
55445.3554
55450.8930
55461.7842
55482.1662
55513.8443
55540.5140
55593.1041
55759.3034
55768.9766
55774.2081
55792.8838
55805.7438
55866.9229
55900.2974
55908.1966
55915.6262
55920.1003
55922.0735
55923.8067
55931.2779
55931.8560
55933.2039
55936.9950
55939.6411
55947.1054
55963.0004
55971.6855
55978.2366
55978.2593
55982.7053
55984.0787
55984.2637
56003.8476
56005.7893
56063.6081
56090.0186
56097.1610
56117.0115
56147.2037
56156.2651
56171.7042
56240.1084
56245.0630
56258.7743
56271.5064
56273.6921
56320.6269
56333.2476
56365.9179
56369.5431
56377.2960
56398.9017
56433.2758
56459.3898
56481.4520
56492.0157
56528.5792
56535.4077
56556.0503
56559.1204
56561.5725
56563.7052
56571.7837
56573.1124
56589.4232
56592.0329
56597.0308
56601.3937
56603.7274
56604.8584
56616.2537
56621.8937
56624.2691
56624.9154
56627.8187
56627.8609
56632.2019
56633.1708
56635.1308
56635.6852
56641.5872
56645.7652
56656.2957
56666.3154
56687.6978
56691.2687
56701.7987
56721.7511
56725.8998
56735.8859
56736.7073
56738.4543
56741.7518
56753.7785
56763.0322
56771.0037
56771.7103
56776.0969
56798.1688
56841.1226
56848.1490
56919.9623
56949.3554
56963.9123
56964.3542
56968.5261
56977.9890
57062.7393
57066.1626
57071.0256
57091.7577
57109.1252
57123.0031
57130.3550
57133.5220
57182.8311
57193.8995
57237.0845
57244.2403
57274.1469
57343.8575
57346.2216
57370.1059
57373.0142
57406.8313
57435.6999
57448.6374
57494.1051
57500.3063
57505.0660
57530.0838
57539.8519
57555.0420
57558.3206
57562.0560
57578.5217
57602.7935
57603.6969
57605.9750
57606.1065
57609.0451
57612.6582
57632.0034
57636.2690
57638.8167
57657.0546
57658.5200
57665.0647
57665.5304
57674.8675
57685.8908
57686.7183
57688.4650
57697.3990
57747.8387
57775.5788
57785.8997
57805.0892
57823.9898
57876.0841
57883.7477
57914.9683
57919.6687
57922.4179
57922.8386
57936.1619
57945.9355
57949.1065
57966.1740
58053.3136
58063.9319
58100.1701
58118.3431
58175.0653
58175.3045
58188.4112
58219.5413
58224.0381
58225.9973
58265.8384
58268.1169
58268.8494
58273.1136
58281.3913
58314.4445
58320.2797
58349.3943
58354.1069
58362.2051
58379.6835
58408.2703
58421.0996
58447.1276
58453.0970
58454.2810
58468.7441
58475.3976
58491.1929
58500.8824
58510.2770
58518.6273
58535.8309
58583.9652
58591.6535
58642.4280
58669.2541
58716.6075
58731.8183
58757.4552
58765.9327
58782.7495
58839.1455
58885.6223
58888.1616
58924.4553
58934.7383
58942.1294
58946.0458
58956.0129
58985.7905
59025.7330
59035.8268
59040.3233
59050.1753
59068.0306
59097.1108
59100.4851
59148.0900
59154.9197
59158.5386
59161.2799
59171.2831
59181.5373
59191.9461
59199.0645
59204.9958
59207.1746
59210.1441
59214.0332
59224.6602
59231.1091
59250.1842
59256.6731
59287.3664
59321.1636
59328.1042
59328.7871
59332.5929
59336.0886
59347.4981
59371.2465
59394.6306
59418.5705
59423.2593
59436.3623
59458.0608
59495.4461
59496.3855
59497.0895
59500.8048
59512.1077
59514.4870
59515.2394
59521.3322
59523.3063
59523.4817
59535.7197
59547.7624
59618.5023
59637.6632
59638.1459
59640.4034
59640.8745
59644.1677
59653.6380
59662.0645
59680.8991
59682.6197
59684.6856
59687.7467
59722.4119
59726.6984
59743.2870
59755.1578
59756.1583
59760.4147
59766.4628
59799.7508
59805.5821
59814.0134
59841.7549
59858.0737
59858.6442
59868.9205
59883.1869
59892.3682
59920.1451
59926.3583
59943.6502
59945.1751
59948.0463
59976.1369
59977.4785
60010.7578
60027.5903
60036.0392
60061.4227
60089.1988
60106.3969
60113.3217
60118.8320
60124.0955
60139.1816
60152.2728
60152.4522
60167.9289
60174.5662
60206.2415
60208.4204
60248.5927
60255.1248
60255.4840
60309.9087
60314.3681
60335.9499
60345.3570
60363.2236
60395.3709
60419.0085
60434.0023
60457.8167
60459.2335
60467.0015
60490.0358
60491.5702
60574.3872
60579.3365
60581.3395
60585.0216
60615.6470
60636.1917
60645.5795
60648.0525
60690.4113
60725.4626
60745.7029
60778.1943
60800.5411
60810.3451
60818.0297
60843.3040
60844.2012
60846.8500
60859.9706
60929.6470
60933.4268
60941.8345
60945.3938
60970.1274
60992.8713
60998.3234
61010.3765
61019.1223
61021.4512
61023.6898
61026.5924
61029.9511
61064.5425
61080.6346
61096.5211
61116.9853
61123.6833
61133.1610
61157.1427
61158.8584
61169.4990
61181.1479
61184.5398
61189.0349
61205.2287
61239.0570
61265.6848
61270.3867
61270.4957
61275.6860
61309.5391
61310.7239
61326.7494
61361.3322
61366.1109
61366.2791
61368.3371
61381.2595
61420.1048
61423.0665
61442.4210
61449.6329
61468.2248
61550.5433
61553.9723
61557.1979
61558.3297
61576.6360
61640.4489
61662.5729
61677.5418
61693.6363
61699.7615
61701.3454
61716.5115
61750.6308
61755.2228
61763.1823
61797.3118
61812.7641
61848.5447
61862.3533
61883.7822
61894.5886
61897.6090
61900.8826
61905.6127
61909.1837
61916.5102
61919.9100
61924.4926
61927.5557
61938.9235
61943.1441
61957.6575
62002.0296
62015.0434
62020.2495
62045.6226
62047.3720
62062.0952
62063.7583
62066.8430
62067.4168
62069.8482
62076.2022
62103.5285
62114.4435
62129.0602
62137.5933
62141.1264
62162.5282
62175.2723
62176.0669
62181.3034
62186.7686
62191.7674
62192.5027
62207.4530
62219.6747
62254.4729
62262.2445
62280.5605
62280.8392
62286.7077
62315.6932
62317.4232
62321.8677
62328.8038
62329.4149
62345.5632
62357.9698
62386.6120
62390.4210
62400.7247
62425.4857
62427.0867
62438.9642
62472.9885
62532.9384
62536.9084
62561.7264
62585.3415
62615.8096
62623.3371
62626.9037
62629.5804
62642.0501
62690.9384
62732.7615
62753.9831
62788.9107
62790.9850
62801.4213
62809.1633
62817.1178
62823.8916
62834.7392
62859.2800
62876.7308
62927.6876
62941.6457
63011.0700
63032.8238
63041.6740
63047.4654
63064.9624
63072.5586
63093.6354
63134.3408
63157.2004
63170.8780
63180.3921
63219.9292
63223.5913
63224.2186
63240.0002
63288.8103
63295.1706
63329.8964
63333.3258
63334.4733
63339.0222
63345.6404
63346.8623
63393.1455
63406.2751
63430.1010
63441.2409
63483.9001
63499.0532
63504.2215
63568.5301
63579.2847
63594.2145
63609.0498
63625.1172
63627.4425
63657.2857
63666.3067
63673.0625
63700.1590
63705.7616
63719.9758
63721.9005
63722.4004
63733.8577
63735.1765
63741.2082
63745.2662
63754.3874
63762.7750
63772.1267
63787.5696
63793.6840
63800.1173
63810.5402
63839.8814
63884.4354
63884.6296
63898.4178
63903.1640
63914.8450
63915.2213
63935.6912
63943.2740
63963.0311
63964.7083
63982.2218
63983.6687
63986.9906
63998.1873
64030.1950
64043.5339
64049.3121
64054.7752
64070.2959
64071.6915
64072.4804
64112.9867
64158.8564
64167.4613
64167.9935
64169.1502
64171.6788
64175.0106
64183.4578
64211.6651
64212.2573
64225.4397
64240.5894
64248.6940
64270.5825
64288.8071
64313.4291
64319.1317
64336.3729
64343.8833
64357.1458
64382.4254
64387.9489
64434.4205
64438.4057
64439.9720
64450.7841
64483.5069
64491.7447
64519.5352
64523.8308
64525.7899
64527.4446
64531.9077
64572.0038
64582.0107
64601.3156
64610.5675
64631.6496
64631.7380
64721.1738
64742.9921
64752.5753
64753.4244
64812.5007
64815.6570
64815.9431
64819.6935
64834.0568
64841.0902
64844.5821
64861.0553
64862.4413
64880.9332
64888.7747
64891.8232
64910.4949
64928.9358
64936.4282
64960.1077
64962.8151
64966.9087
64978.4311
64990.1888
65108.4993
65132.2785
65132.9451
65158.5541
65161.4150
65166.4485
65189.8788
65263.7829
65311.0318
65314.2681
65327.7793
65341.3671
65343.0188
65355.6334
65370.9821
65373.1418
65384.8284
65395.0918
65399.3512
65488.8004
65504.1156
65527.3006
65573.0673
65573.2298
65576.3734
65590.1806
65591.7282
65603.0773
65616.8119
65646.3081
65654.8151
65674.6728
65682.0120
65709.4766
65717.4929
65757.0228
65757.4791
65769.4920
65773.1213
65778.4588
65781.5252
65797.8429
65798.3642
65799.9856
65818.1839
65821.4982
65822.5844
65823.0889
65835.0003
65835.5857
65858.0799
65862.3034
65863.9109
65866.1776
65866.4671
65867.3805
65875.8261
65907.1217
65924.7252
65946.1019
65989.9232
65992.1144
66033.2204
66063.3293
66065.7446
66069.2964
66079.4999
66079.9715
66081.7808
66093.6292
66104.6561
66105.1995
66127.6519
66194.9434
66197.3676
66198.1480
66272.5402
66284.0253
66290.7199
66291.4778
66294.6632
66305.2528
66314.1464
66329.7192
66362.7489
66368.7102
66373.1374
66387.4499
66400.7219
66452.5003
66481.9381
66484.7336
66509.3130
66515.6252
66522.8917
66537.7926
66547.1496
66622.8268
66625.3981
66630.7995
66651.8935
66654.8814
66662.2702
66664.5406
66708.4197
66724.8837
66727.1932
66783.0044
66811.1290
66876.0308
66885.4115
66891.9651
66898.0658
66901.2149
66901.5941
66931.8136
66952.7855
66953.2121
66954.2711
67002.6917
67026.7702
67045.7163
67048.0196
67063.0366
67064.0351
67064.6244
67065.6311
67070.2395
67089.1790
67092.2996
67132.2114
67148.5979
67149.0318
67153.5106
67157.1570
67169.1322
67217.1559
67220.9398
67248.7417
67254.9069
67263.7616
67326.8801
67386.8005
67403.5316
67404.3246
67409.4490
67409.4645
67412.4260
67424.5130
67453.0519
67517.1623
67541.3277
67556.9472
67611.0044
67670.7947
67719.4253
67727.8078
67738.9119
67768.1938
67774.0694
67797.7750
67811.8694
67823.8576
67833.0993
67943.5348
67946.8032
67957.4473
67997.5231
67998.7129
68000.0588
68005.4990
68014.9776
68022.8196
68040.5515
68048.4033
68054.5366
68081.7240
68118.6158
68135.9715
68169.6481
68186.0398
68244.4645
68250.3020
68256.1781
68268.5987
68295.1758
68295.4974
68297.0790
68300.1401
68307.6624
68311.6877
68330.5156
68352.5958
68352.7516
68357.7157
68359.4070
68372.1304
68429.8370
68436.2118
68436.8323
68481.3255
68522.9483
68556.6983
68556.7440
68558.7782
68563.3933
68563.6908
68563.8082
68577.6684
68589.9167
68594.2278
68641.7216
68677.4721
68692.7188
68743.0269
68751.4952
68755.6776
68763.0805
68773.7224
68793.9472
68830.7712
68843.1549
68847.1467
68856.4719
68864.1080
68870.1107
68873.4042
68877.1533
68877.8168
68908.7719
68921.2331
68922.3090
68960.6416
68970.9336
68974.3930
68980.4580
68982.7026
68986.4549
69003.5528
69004.7209
69021.6753
69026.6561
69065.3016
69069.7020
69070.3578
69073.2775
69111.9729
69131.5019
69132.9511
69149.1375
69156.2474
69173.7370
69184.8837
69282.9937
69304.3603
69335.8007
69341.7241
69343.2698
69343.7038
69398.9210
69408.2985
69458.5349
69465.9794
69470.0346
69472.0716
69489.4944
69496.0654
69534.5529
69696.5517
69735.4975
69738.6595
69745.7210
69746.7494
69752.4787
69765.8160
69780.1311
69791.0824
69792.5190
69804.2351
69808.7755
69810.6105
69810.9586
69813.2922
69817.2492
69817.5190
69820.9475
69820.9825
69845.9732
69854.2479
69872.8230
69918.9176
69930.5238
69933.6410
69933.9496
69939.6544
69942.6658
69945.4772
69953.4757
69953.6654
69955.4157
69968.7472
69969.6581
69974.3978
69984.0810
69985.3653
69985.5542
69986.4064
69987.2793
70005.3949
70013.5428
70017.9684
70030.7825
70058.2749
70066.4718
70103.1697
70114.0098
70114.8774
70129.9945
70149.2143
70149.6881
70195.2919
70202.7343
70203.3714
70204.9549
70205.4892
70220.7698
70256.1608
70267.9201
70270.8413
70278.8017
70300.6983
70306.5199
70384.7334
70393.5587
70398.1309
70424.8953
70490.3546
70495.3250
70499.9885
70509.2184
70514.4130
70520.8602
70523.9318
70525.9455
70533.9302
70534.6451
70538.7186
70543.5870
70548.9562
70555.4974
70565.1343
70570.9145
70601.3681
70621.8651
70655.6050
70670.2056
70744.6197
70746.8678
70918.4154
70934.2591
70939.0241
70939.2124
70939.4110
70959.6416
70975.9762
70988.8325
70988.8689
70988.9171
70998.9274
71001.8171
71007.5907
71011.3264
71011.8370
71016.0781
71018.5050
71030.1770
71030.3461
71054.8040
71068.3321
71094.2894
71096.1887
71186.3246
71190.5924
71195.2134
71200.1566
71214.7383
71216.2112
71216.6982
71270.4979
71270.6128
71285.6768
71290.8293
71301.1134
71307.1661
71307.6146
71307.7383
71321.3057
71389.9969
71395.4557
71395.5215
71403.7490
71450.8254
71471.1670
71472.5959
71494.3500
71510.5996
71515.5942
71523.5078
71525.3685
71538.7973
71547.8636
71587.6156
71596.3603
71639.1046
71645.6971
71656.9649
71660.3504
71671.6920
71692.3473
71695.2479
71702.6488
71721.1803
71728.2355
71745.5859
71747.5563
71750.1536
71784.9961
71806.1910
71824.2228
71853.7286
72013.5414
72024.0178
72049.9702
72055.0894
72055.9405
72063.4702
72073.8482
72087.8628
72089.5800
72095.9450
72112.8894
72115.4162
72122.9602
72123.4316
72136.8055
72201.5347
72230.7859
72236.3792
72237.1021
72237.9391
72244.5797
72254.3448
72289.4236
72345.3717
72350.2575
72361.0452
72366.3197
72368.5505
72371.9111
72375.2680
72376.5414
72382.6829
72402.5714
72407.4408
72445.3171
72449.9794
72454.7419
72464.6010
72473.7215
72503.1091
72524.2496
72577.3306
72601.1527
72625.9996
72633.8833
72659.3937
72664.8005
72702.9233
72713.7506
72718.2539
72724.6571
72727.7882
72728.4492
72733.2962
72747.0715
72764.3090
72788.7682
72791.2033
72791.2468
72813.6358
72859.4816
72866.0485
72935.8388
72960.5045
72972.0079
72984.9514
72989.6560
73006.3141
73008.5069
73009.2593
73016.3809
73046.6260
73053.5807
73055.5187
73067.0727
73067.6753
73068.4005
73080.4908
73089.4729
73136.0759
73139.6409
73142.2294
73147.0552
73186.8699
73190.0296
73215.1998
73243.2983
73244.4877
73254.8076
73269.8827
73290.7823
73306.7480
73310.4205
73310.9200
73313.4224
73375.6206
73465.1332
73469.3423
73474.1201
73479.0251
73508.0350
73524.6585
73528.8335
73543.8767
73552.5839
73554.6610
73581.0443
73604.6669
73669.4995
73735.7337
73750.8770
73761.1502
73780.3575
73789.3998
73794.4016
73812.4484
73817.6113
73846.2011
73879.0778
73880.8961
73886.9909
73901.0892
73902.4151
73919.3383
73978.7911
74019.5435
74025.0580
74033.2224
74059.5500
74094.8780
74102.7914
74189.8625
74215.1720
74296.5548
74299.5182
74316.1199
74351.4737
74357.9425
74358.6523
74370.5234
74383.3542
74419.0617
74449.1449
74538.0313
74538.1553
74548.7803
74559.9209
74612.5269
74643.8100
74730.1974
74745.1317
74748.5709
74774.9049
74796.0526
74815.4480
74934.6653
74962.5414
75027.7523
75089.9456
75125.1128
75155.2759
75168.9059
75219.4323
75222.8850
75256.2172
75287.6958
75344.9124
75447.9854
75515.9344
75551.2252
75600.1612
75765.0915
75846.2867
75949.1967
76051.0534
76105.7084
76370.5677
76688.0776
76709.3195
76758.3664
76857.8828
76880.7678
77005.3655
77067.5916
77081.7393
77100.1307
77171.4283
77356.3715
77534.7603
77607.9410
77807.1521
77823.9521
78050.0536
78066.9769
78128.0822
78201.8213
78312.3971
78383.4888
78449.7203
78457.2009
78499.7015
78570.7927
78622.5579
78648.0329
78797.5995
78911.0162
78951.8087
79067.5356
79069.2705
79071.4500
79260.3784
79298.3130
79303.0030
79405.2120
79423.6307
79511.9596
79522.5620
79539.8449
80003.9734
80264.2942
80291.5021
80306.0522
80407.7474
80482.8338
80521.6918
80604.8809
80732.1261
80896.9372
80940.9256
81132.2942
81141.3929
81150.8239
81298.3201
81474.4090
81492.8642
81525.4237
81548.5365
81579.4852
81687.8743
81851.0080
81923.3718
81990.1806
82002.5731
82064.6380
82189.3438
82239.3779
82342.1337
82521.7804
82624.4258
82655.6953
82696.3389
83056.6481
83057.0544
83060.2731
83247.9235
83316.2389
83317.7694
83534.9674
84040.6962
84044.8801
84046.3427
84049.3591
84054.2236
84059.5895
84060.1960
84061.3772
84124.0274
85066.4707
85076.0535
85077.9511
85078.2251
85086.7157
85250.4153
85347.2729
85405.6537
85407.4100
85407.5061
85408.3347
85408.4228
85410.6577
85419.0915
85602.7570
85604.2736
85609.4461
85611.1715
85685.5074
85707.9397
85788.0189
85810.1401
85961.9744
86048.7500
86058.1703
86134.6764
86162.2173
86163.0432
86168.4796
86250.5137
86264.2701
86565.0009
86643.2021
86773.0319
86817.6137
86882.7776
87065.1405
87075.9284
87168.3475
87309.7848
87345.4675
87370.9404
87399.0356
87501.7137
87618.4233
87795.6472
87855.0673
87924.8775
87937.5694
88001.5863
88154.5095
88252.2465
88332.5516
88441.1451
88496.6532
88591.0135
88608.7564
88667.2597
88938.8114
89020.8782
89087.6528
89194.7901
89580.2669
89583.9214
89620.2611
89621.5149
89622.0751
89749.3317
89813.0733
90024.3667
90065.6805
90173.6049
90259.1190
90286.0870
90348.8578
90354.9179
90386.1035
90579.3157
90626.1258
90632.7207
90728.5935
90836.5401
90913.8728
90969.5967
91081.9778
91141.5519
91239.9004
91289.5650
91402.3645
91441.5775
91570.6009
91617.6571
91695.5620
91801.5365
91826.1792
92030.3301
92152.9480
92331.9323
92411.5097
92635.8126
92659.4362
92715.4009
92752.6077
92810.2560
92840.7115
93043.0914
93134.9388
93154.4164
93161.3754
93199.9869
93295.3395
93296.9848
93336.2228
93458.1383
93532.3237
93571.3803
93667.7237
93673.7175
93826.1598
93844.7789
93941.3376
94083.2392
94281.4467
94378.5257
94413.4726
94617.2247
94738.0973
94990.8960
95019.5549
95024.3000
95140.3523
95190.9310
95210.9543
95271.5279
95385.1571
95430.7731
95510.0331
95530.5209
95655.8990
95657.3510
95666.2502
95670.0911
95691.8880
95778.0188
95958.7682
95972.7073
96021.7367
96161.3822
96269.3553
96336.0632
96337.3705
96341.7860
96381.3627
96499.7776
96551.2056
96629.9434
96846.4782
97027.8908
97270.7912
97398.4323
97456.6699
