8604	0	33697.1411	40585.3173	31438.43429827256	59218.17032344549	80035.61750494548	96403.07841535023	0.08604
16.1625
25.6194
56.3613
62.1886
62.7029
100.0274
116.1479
172.1517
172.7411
181.5994
187.6698
239.1668
245.7358
254.0365
255.6486
284.2547
286.4715
305.8278
313.5520
321.1957
327.1073
343.4573
345.3511
354.6505
358.6505
359.1327
359.7146
363.0278
365.3680
370.3331
379.1068
412.1495
436.5831
436.8744
444.6941
447.2570
448.7365
448.7367
465.5261
467.6018
471.0720
474.7803
476.1985
502.5537
508.0391
524.7553
531.7451
536.1169
537.0143
541.3703
543.3806
543.5587
545.9218
554.8297
555.8529
561.4673
561.9559
567.9477
570.6531
572.5470
575.1102
583.0944
585.7287
612.8239
617.9785
618.1874
621.2482
623.1779
632.8043
636.9595
641.6001
643.4176
644.3002
645.4329
665.4991
666.2268
676.7842
687.1292
713.4846
713.9757
716.1926
731.3342
733.7921
768.3598
816.8121
817.3615
839.8828
840.4203
841.7606
845.9475
847.3778
852.0043
853.0675
855.6394
860.9764
864.2710
867.8829
877.2548
909.3776
927.5389
937.5926
938.5162
945.8743
956.3353
977.2085
1005.5750
1009.4339
1019.1175
1020.3032
1022.5165
1041.7389
1045.9997
1051.4687
1053.7102
1056.7145
1058.1656
1060.9162
1063.5540
1068.9894
1074.6924
1074.8927
1081.1997
1090.8084
1110.9164
1111.4904
1111.6585
1114.7974
1115.3315
1123.1120
1128.4665
1129.8942
1131.2919
1133.8853
1135.6716
1136.4055
1140.3817
1141.0822
1146.3679
1147.8860
1154.2365
1159.3286
1164.2296
1164.5024
1166.7612
1169.5854
1170.0959
1174.1648
1175.5280
1175.8296
1179.4204
1187.4894
1192.6746
1193.3926
1197.2329
1209.4199
1251.3108
1296.7925
1298.6344
1299.5230
1304.1527
1308.6288
1315.4951
1317.4004
1318.6552
1319.8722
1322.8265
1336.1797
1336.9030
1348.3702
1360.6867
1364.1331
1364.4834
1373.2686
1402.1506
1406.1128
1408.0542
1411.0822
1424.9186
1425.0579
1426.6876
1427.9666
1438.5169
1440.8589
1445.8632
1446.1037
1454.5602
1455.7007
1455.8703
1456.0535
1456.3637
1474.0154
1493.6238
1531.0472
1573.7996
1587.7018
1600.3546
1603.1261
1613.8011
1626.9358
1631.1454
1632.2181
1635.9043
1637.8517
1644.4637
1653.6117
1659.8761
1684.3086
1693.8030
1699.5297
1710.6928
1729.1861
1729.6740
1759.7938
1778.1914
1782.1984
1789.8727
1794.8281
1824.0215
1849.7661
1863.8439
1870.7674
1877.7988
1878.8127
1881.3813
1882.9070
1884.9095
1888.8577
1889.5985
1892.2304
1895.2152
1895.3957
1895.5780
1930.4759
1986.1746
1996.3245
2050.0521
2161.3573
2169.7199
2170.3429
2180.5055
2188.7989
2230.8602
2237.1737
2249.3009
2261.1466
2271.3059
2278.9096
2281.6749
2310.9841
2377.8040
2378.9043
2381.7613
2386.9499
2397.7005
2403.3893
2408.0658
2419.2811
2421.0359
2429.9937
2431.6533
2436.1867
2443.0518
2446.8416
2452.3579
2453.8322
2465.1685
2466.2599
2466.5980
2469.9763
2470.5165
2473.9633
2475.5987
2484.5476
2493.2156
2497.7445
2499.9952
2502.4255
2515.8140
2523.3417
2535.5110
2539.7972
2544.4344
2545.0454
2551.1523
2665.6413
2689.4940
2691.1892
2697.7132
2700.3129
2706.2688
2716.8272
2719.7813
2744.9759
2746.4748
2748.7147
2874.4699
2877.0412
2879.0172
2888.6270
2917.1734
2919.0864
2954.2151
2978.9944
2979.5156
2980.6489
2984.3757
2986.6794
2987.1940
2999.8611
3003.5722
3018.9773
3020.8991
3023.2284
3025.3176
3033.5387
3042.2244
3056.8936
3066.3327
3066.8224
3070.9966
3081.3900
3082.2456
3085.8915
3086.5896
3089.7071
3090.5705
3093.7018
3106.0628
3109.8836
3110.7511
3113.0396
3113.0740
3123.1125
3125.1289
3126.9501
3128.2010
3132.2206
3138.1795
3140.5766
3141.0736
3143.0057
3144.5977
3146.7850
3146.8077
3147.4516
3149.8661
3175.6914
3180.3396
3186.5117
3187.1599
3188.3991
3194.1011
3221.8987
3227.1662
3253.5281
3281.7388
3285.0536
3289.5431
3290.4583
3292.9486
3293.0140
3305.6546
3322.2134
3324.6289
3331.9720
3334.6747
3342.5263
3345.9205
3350.9217
3361.3146
3369.2206
3375.5460
3381.8636
3384.3462
3388.7880
3401.0766
3404.7427
3409.4970
3410.3722
3411.4876
3411.5952
3412.4794
3424.4492
3428.1810
3429.9015
3430.2315
3434.3612
3436.0619
3437.5602
3438.0933
3440.3326
3453.4140
3453.9118
3463.7426
3471.7438
3472.3291
3474.0341
3478.8449
3484.5335
3489.8287
3489.9669
3493.8319
3534.0652
3537.7386
3544.4872
3544.9252
3547.3564
3552.6932
3553.8692
3558.4743
3562.7876
3563.6439
3565.0583
3570.7324
3576.9727
3581.1990
3582.4400
3583.1748
3593.1237
3608.5533
3609.5938
3610.0830
3633.2694
3635.4704
3641.6820
3644.1466
3657.2487
3660.9922
3669.2487
3670.1908
3673.2729
3673.4875
3679.1523
3680.6961
3681.1160
3686.6134
3701.4549
3704.1203
3713.9785
3725.0760
3725.7419
3737.7786
3739.7536
3751.7716
3757.7110
3761.8186
3811.0431
3813.8976
3818.3996
3818.8113
3829.5647
3835.7351
3863.6805
3866.6007
3883.7735
3885.7425
3906.9134
3907.7523
3910.7836
3921.5034
3926.2293
3932.5588
3935.3984
3937.5734
3937.5919
3944.9467
3952.6810
3953.5788
3956.9527
3959.3879
3959.8395
3959.9343
3962.9956
3964.8751
3968.7577
3974.4665
3974.7554
3980.0509
3983.4992
4012.1779
4017.0021
4019.3515
4019.7597
4020.4185
4022.8663
4023.9155
4027.8216
4030.6957
4041.6801
4042.0433
4044.3784
4045.8518
4049.3453
4053.9068
4080.8984
4095.7950
4097.1289
4101.2939
4102.4925
4108.2933
4109.2802
4111.3487
4113.9199
4115.5117
4116.3851
4118.9175
4119.6600
4120.7615
4122.4947
4126.4589
4130.5535
4131.7354
4138.9849
4142.7769
4149.8930
4150.9519
4154.2974
4164.3070
4206.9767
4211.7143
4213.7966
4221.9958
4229.1411
4240.9794
4251.6911
4255.7118
4261.8532
4264.2169
4269.3376
4272.4787
4275.6924
4285.2931
4285.8104
4296.0232
4298.1187
4300.7859
4303.0712
4332.4930
4342.9857
4343.5341
4371.8453
4372.6634
4373.4644
4373.5898
4388.4678
4395.4062
4398.9394
4399.1297
4403.3800
4405.3147
4406.9129
4413.3394
4413.3940
4414.2406
4424.1561
4427.4280
4427.7197
4430.7452
4432.1669
4435.1962
4435.3629
4438.5834
4439.2994
4440.3761
4441.9657
4442.2561
4442.7786
4447.1988
4447.7429
4448.3802
4449.6656
4453.4993
4453.9321
4454.3431
4456.6525
4467.4275
4470.6669
4471.5761
4473.1519
4473.1879
4473.8734
4475.1256
4476.4060
4480.7248
4484.3173
4484.7309
4486.7068
4490.9960
4491.4153
4498.6755
4504.7337
4506.5254
4507.1885
4508.5218
4508.6660
4510.2093
4512.8330
4516.6478
4517.3992
4518.2398
4519.2599
4520.2919
4520.3544
4523.3192
4523.9703
4524.4082
4524.7869
4527.1901
4528.5856
4528.6178
4531.6806
4532.4444
4532.6575
4533.8426
4534.9371
4541.3115
4543.2472
4543.8218
4549.2079
4550.0273
4550.9752
4552.1467
4557.7586
4559.6643
4563.8569
4565.1335
4565.1490
4566.6833
4569.8806
4572.3705
4577.4433
4578.6215
4579.9613
4582.9245
4585.1210
4588.9468
4593.3143
4593.5999
4598.0969
4599.5036
4604.5005
4605.2079
4606.4443
4609.9594
4609.9998
4619.3680
4620.2507
4626.7978
4627.3774
4629.5207
4630.6228
4632.0290
4633.2703
4636.3673
4643.8189
4652.6128
4669.1910
4709.4974
4715.7184
4720.4339
4725.1884
4737.3189
4756.2701
4757.2941
4757.5765
4758.2094
4760.1556
4762.0237
4776.1464
4779.4044
4788.5820
4791.8878
4792.9950
4803.4254
4806.2629
4807.0200
4809.8194
4822.3513
4828.1589
4829.4459
4831.3292
4831.6238
4832.6528
4838.6372
4842.0352
4846.0142
4893.0140
4895.3701
4895.4205
4896.4533
4903.0219
4906.0447
4908.8987
4914.5303
4916.7229
4918.7756
4921.2820
4932.8397
4934.6695
4935.4099
4935.8898
4936.4049
4937.5423
4938.0213
4938.6133
4942.3206
4943.6020
4946.4686
4947.7444
4954.8214
4959.3563
4960.4113
4962.4513
4964.6265
4965.7857
4975.5609
4975.8127
4983.1841
4984.2847
4986.6157
4989.0007
4992.6377
4993.0866
4999.0674
5002.3157
5002.9974
5003.2847
5003.8544
5006.6037
5008.7827
5009.5060
5023.9956
5025.0260
5029.8656
5029.9112
5034.9895
5040.0769
5049.4703
5049.9436
5050.7963
5050.8805
5054.4200
5068.0140
5070.1937
5074.4984
5075.2350
5076.0725
5076.8574
5079.4548
5080.9676
5085.4047
5089.4388
5093.3810
5100.0878
5102.9936
5103.1705
5104.6650
5105.3494
5109.8227
5110.6676
5118.7306
5119.4503
5126.5752
5131.4351
5156.8866
5161.4005
5161.4339
5294.0873
5300.5265
5301.4211
5305.0227
5330.3235
5349.7592
5350.6751
5354.1395
5354.4713
5357.7253
5360.7255
5362.6562
5364.1801
5364.7472
5380.5364
5390.8832
5394.0537
5396.4107
5396.9022
5397.2547
5398.0140
5400.0631
5400.2903
5410.4245
5412.6954
5414.5533
5415.9853
5423.2397
5424.0034
5434.0994
5434.7541
5434.9098
5444.0990
5444.8084
5445.1308
5447.6796
5455.2674
5455.8022
5458.0695
5459.2593
5463.7880
5465.3111
5469.4957
5474.4328
5474.9749
5475.7836
5476.5321
5480.5217
5482.5374
5482.7134
5489.2190
5501.5445
5502.2545
5503.4334
5510.8659
5513.2426
5516.5248
5518.5846
5519.4407
5523.9080
5524.4070
5548.2670
5556.5351
5558.4651
5568.0835
5569.1810
5573.3442
5578.3932
5584.1298
5588.4553
5590.1836
5594.4134
5599.6122
5600.1866
5606.5104
5607.6315
5607.7249
5616.3489
5616.7118
5620.2783
5637.4348
5643.4521
5680.6692
5699.5921
5704.0890
5705.1948
5707.0022
5710.9034
5715.2623
5724.5007
5724.8599
5725.4912
5736.5416
5758.6971
5766.1641
5768.5445
5768.9712
5775.0139
5779.9827
5780.0729
5782.4546
5784.3701
5786.8141
5786.8903
5789.3712
5790.5087
5792.7224
5793.3111
5796.1200
5797.7056
5798.3100
5798.6653
5799.6832
5800.3225
5800.5314
5805.4093
5807.2541
5809.6549
5812.6521
5824.1373
5824.4479
5825.4095
5825.5041
5826.5465
5826.6674
5828.3704
5828.7822
5829.0729
5829.9241
5831.5380
5831.9691
5833.6870
5838.5765
5841.9197
5848.4970
5848.8154
5849.3607
5849.5076
5866.2044
5867.9367
5867.9583
5874.3657
5885.4760
5888.4753
5890.7864
5891.8467
5898.5090
5900.3021
5901.1993
5902.2769
5906.2492
5918.7827
5935.6376
5938.6989
5959.2583
5960.6950
5961.1882
5964.3389
5972.0331
5976.0090
5977.4650
5980.4219
5980.5333
5983.8970
5984.5821
6000.1263
6008.2310
6009.4532
6014.3379
6047.9891
6049.3540
6054.8437
6080.3252
6140.7230
6151.5879
6152.6953
6157.7077
6162.7095
6179.0026
6192.8452
6207.8406
6209.9454
6211.8575
6215.3069
6218.0765
6233.1643
6238.0902
6255.7283
6255.9320
6265.0365
6265.8009
6269.3904
6288.4571
6297.8510
6309.8324
6310.1029
6314.6057
6318.0758
6323.1950
6337.3317
6340.5774
6353.9690
6358.6337
6363.9927
6366.4283
6367.1427
6368.3777
6385.7549
6401.7133
6404.4546
6416.8458
6422.0473
6422.7284
6426.3912
6427.9453
6430.0331
6437.4191
6446.3407
6449.6343
6488.4006
6515.3344
6516.9369
6519.4805
6521.3800
6521.5345
6527.2797
6534.8375
6534.9345
6536.2902
6538.4922
6539.3549
6553.0320
6554.5929
6561.4318
6562.6793
6571.7477
6572.4352
6577.6381
6586.7762
6589.2946
6596.4485
6600.7582
6601.4147
6606.6771
6609.8670
6613.4277
6627.9547
6628.8906
6648.2611
6659.9009
6661.6051
6668.5399
6671.4108
6689.1977
6699.3863
6710.6618
6711.5926
6715.1545
6723.6057
6726.8386
6756.0193
6763.3902
6764.9519
6765.9405
6766.1023
6775.5989
6776.8391
6776.8410
6785.5058
6790.5242
6791.6078
6800.2009
6806.7173
6811.4242
6812.4184
6812.6300
6817.4883
6819.8202
6825.1734
6828.1846
6838.9693
6843.1385
6845.9289
6853.0516
6865.2569
6866.0502
6867.0097
6869.8037
6878.5789
6888.3613
6890.1082
6893.6825
6893.9950
6899.5300
6915.9493
6940.0873
6941.6000
6945.3002
6953.0893
6953.7133
6953.7641
6959.4150
6981.7351
6983.4631
6994.3221
6997.1822
7000.9093
7001.2353
7007.6277
7023.1052
7038.0624
7038.7665
7039.2712
7039.6200
7043.7013
7045.6446
7046.4818
7046.7108
7054.5152
7054.8093
7056.3054
7063.4857
7079.8331
7090.4206
7092.3960
7126.0958
7176.3620
7177.1946
7178.3040
7179.0805
7180.1184
7184.8121
7189.4611
7197.0209
7205.5071
7205.6598
7208.0981
7212.3064
7212.9050
7219.6524
7240.1155
7248.3747
7269.6403
7277.0577
7278.1546
7284.2509
7284.2751
7290.6381
7296.8555
7297.6921
7299.1568
7312.4151
7316.2243
7318.8988
7320.8222
7338.7880
7351.2155
7366.4444
7372.3504
7378.6018
7383.3740
7390.8183
7394.4780
7402.6177
7406.8749
7407.3977
7411.8615
7412.3585
7414.4684
7417.3516
7424.3348
7425.1429
7430.8108
7434.1086
7435.6430
7439.4368
7441.6460
7444.6668
7450.9052
7451.2954
7452.1764
7455.1667
7461.1362
7473.2831
7520.1985
7558.4045
7559.0589
7560.4695
7569.8227
7572.0294
7575.6010
7575.8367
7576.2108
7576.4761
7581.4874
7581.8664
7600.3242
7607.8252
7615.7149
7616.3992
7622.0501
7636.1906
7640.2440
7648.8668
7650.5445
7685.7093
7688.6092
7691.0787
7691.3037
7697.5987
7704.5441
7706.6662
7717.3781
7720.3098
7721.3841
7725.2266
7732.2404
7743.5676
7746.2107
7763.0143
7769.1719
7771.8802
7772.2981
7776.3554
7777.6873
7778.8574
7779.7670
7787.6095
7790.1420
7790.1568
7790.1775
7795.0338
7804.6087
7809.6584
7811.8232
7815.6820
7815.7047
7818.1311
7818.9304
7833.4112
7863.7932
7881.6132
7885.3697
7912.8369
7924.2237
7926.9351
7938.6594
7955.8961
7960.0195
7971.3431
8006.3409
8022.0937
8026.7998
8026.9318
8027.5538
8028.3954
8028.8919
8031.7185
8033.4034
8042.4185
8043.7297
8046.8479
8047.8562
8058.1600
8066.8598
8068.1588
8088.7889
8089.8388
8091.7919
8096.3647
8096.4690
8110.6583
8123.1168
8126.0840
8137.7595
8146.5822
8147.8563
8164.7506
8170.9037
8220.4010
8229.3924
8242.0021
8261.9455
8305.2862
8306.8517
8309.4900
8316.5750
8474.2428
8497.4469
8499.8588
8504.3873
8515.6221
8519.0537
8520.1894
8521.7068
8527.5405
8527.6065
8529.2535
8537.8052
8543.5258
8553.6398
8559.7096
8565.1888
8574.6745
8646.6685
8777.4771
8789.6862
8806.0230
8831.6619
8834.0380
8840.9081
8853.5313
8856.4303
8860.3425
8869.4330
8875.7983
8878.8893
8886.8320
8888.8127
8894.0710
8904.9661
8906.0875
8921.7101
8923.0428
8929.3977
8935.7968
8935.8950
8960.6964
8968.2697
8970.7397
8971.4159
8972.1753
8975.8285
8976.1251
8976.5856
8977.8659
8978.4477
8979.3219
8980.9547
8983.0232
8983.2637
8988.0188
8992.8206
8993.6390
8998.0611
8998.4667
9000.2590
9004.1235
9012.5178
9016.9717
9018.7096
9024.4787
9034.5727
9036.7560
9036.9333
9038.6380
9043.2082
9043.5595
9048.4693
9050.9913
9060.9759
9066.4289
9072.6682
9079.7777
9091.8484
9095.2375
9100.8917
9100.9354
9101.6561
9105.0673
9105.7753
9111.6365
9113.5319
9126.2637
9126.9665
9128.8432
9129.1500
9129.1822
9129.3145
9142.5160
9143.0411
9149.5405
9154.3604
9161.4910
9163.2157
9163.4961
9163.8089
9163.9304
9165.2489
9165.6363
9170.7826
9171.1067
9171.7078
9176.0967
9188.9571
9193.7046
9204.4882
9206.6391
9208.7900
9229.6664
9231.8841
9235.5240
9239.2088
9240.3622
9242.0190
9243.6847
9250.4660
9256.1755
9260.6847
9262.4003
9263.2700
9264.1709
9264.4893
9267.4622
9268.1752
9272.8437
9285.7730
9289.4156
9297.0006
9298.8771
9304.8937
9328.1307
9330.8305
9348.0684
9353.3069
9358.5641
9367.1610
9378.5523
9387.2382
9390.3074
9403.4365
9403.7432
9404.1159
9405.7002
9409.2424
9409.8143
9419.1942
9420.1267
9423.6751
9426.2156
9428.7732
9436.2247
9437.4548
9439.1115
9442.0295
9454.1357
9459.4594
9465.1673
9478.2646
9490.1286
9495.6080
9518.5325
9520.7512
9538.5361
9542.9396
9570.7984
9571.1347
9572.6215
9609.7272
9613.4519
9615.8159
9619.6681
9621.3905
9623.8817
9632.7936
9635.1145
9638.5607
9641.0979
9648.1255
9658.8112
9659.7222
9660.5290
9665.8079
9671.3169
9676.0445
9684.1399
9701.2838
9702.5307
9702.5671
9721.3292
9725.4464
9728.5099
9735.2576
9745.0030
9761.1269
9768.2702
9777.2937
9779.0704
9788.2719
9796.7730
9801.3491
9830.1415
9835.4693
9839.9494
9840.7934
9850.5223
9865.2879
9865.9670
9881.2267
9885.4599
9887.5885
9892.8719
9892.8917
9910.8236
9911.3173
9913.9097
9913.9414
9920.1364
9920.2939
9921.2991
9925.4176
9928.0904
9928.3668
9928.7674
9929.9430
9930.5201
9933.1487
9935.9369
9937.8771
9939.0003
9939.6650
9941.3110
9944.6557
9948.6456
9949.4924
9950.5870
9952.5665
9954.8559
9955.3044
9956.0110
9967.2436
9967.9630
9988.6080
10005.8594
10010.4135
10010.4517
10030.0199
10039.7556
10041.7170
10042.7877
10043.4669
10045.1151
10046.8495
10047.6577
10056.4320
10058.1674
10058.4178
10072.1476
10075.1701
10081.2119
10083.2344
10096.4740
10097.1756
10105.8248
10108.4661
10118.5471
10139.7234
10258.6471
10272.4998
10316.9999
10321.2984
10341.9846
10366.9115
10400.6286
10408.7608
10423.8049
10423.9108
10425.2742
10425.9805
10430.7738
10431.3501
10431.6771
10433.0986
10444.7720
10447.2365
10451.6931
10453.9109
10455.8124
10456.7130
10456.9312
10460.4583
10461.1801
10465.7391
10470.0007
10470.4238
10476.5565
10478.8173
10482.5054
10485.1719
10489.4965
10497.5351
10512.6929
10523.3323
10531.4951
10535.0443
10537.5926
10544.6773
10551.6708
10555.7054
10559.0153
10559.4668
10559.5156
10561.3843
10565.7160
10565.7271
10574.2198
10576.2449
10582.5107
10588.5882
10593.1488
10600.8762
10601.5268
10604.1192
10621.9602
10627.6092
10638.0469
10644.6536
10644.8587
10648.1512
10650.7715
10652.6134
10681.0064
10687.8958
10694.0689
10698.5127
10703.6504
10709.3470
10712.9241
10714.5339
10717.8026
10718.4468
10718.4597
10720.6428
10731.5339
10737.7417
10739.8875
10745.1902
10747.7248
10755.4103
10757.5964
10762.1207
10767.0140
10801.9992
10828.8837
10829.9481
10832.4586
10835.8261
10840.6083
10858.5906
10859.7172
10870.5189
10870.9496
10875.8210
10880.7172
10884.6109
10889.9191
10926.2875
10941.9284
10941.9875
10945.7324
10949.1364
10951.4842
10960.9838
10961.1036
10967.9336
10969.1206
10970.2823
10970.2961
10970.6380
10972.2949
10974.6041
10984.4560
11019.5739
11027.4808
11030.5756
11038.0360
11038.2142
11039.0953
11046.6874
11048.9405
11057.1158
11060.8737
11062.1461
11066.0988
11077.4293
11080.3302
11081.4255
11089.0408
11099.6902
11105.6746
11107.2127
11119.0542
11128.1236
11136.1298
11140.5226
11141.8833
11143.4265
11146.9451
11149.0053
11150.5228
11152.6034
11160.2101
11162.3397
11200.2352
11203.7903
11215.4913
11265.7798
11268.1074
11269.8644
11270.4206
11271.5955
11288.4573
11314.6048
11317.3610
11322.7202
11333.2380
11351.2281
11353.1606
11354.8251
11362.5282
11364.5709
11369.8592
11374.8244
11376.8954
11377.0429
11390.3775
11391.4699
11392.8099
11393.2927
11398.6690
11399.1423
11400.1515
11401.9567
11405.3224
11419.0502
11471.0946
11483.7515
11499.3418
11546.2933
11547.4028
11557.5434
11559.8838
11560.0363
11562.4191
11562.8118
11565.9287
11574.0306
11589.2324
11590.0506
11591.4547
11612.9520
11628.0148
11629.4728
11633.7135
11637.7114
11649.1758
11651.0513
11652.9110
11654.1140
11657.4058
11663.9614
11666.1486
11670.2168
11675.4039
11680.0840
11680.1049
11682.0288
11689.6675
11692.0779
11697.4674
11708.0474
11710.1512
11714.0360
11714.5267
11716.2840
11716.8988
11719.5978
11719.9410
11721.4766
11723.6565
11725.5190
11726.0309
11732.3369
11733.3050
11734.9495
11735.9327
11737.1923
11739.3775
11740.2433
11740.5193
11756.7497
11765.5843
11768.6708
11769.9478
11780.0586
11788.0414
11788.3843
11799.3472
11805.1195
11808.9517
11813.6388
11817.0882
11821.9907
11822.3344
11824.2891
11830.8672
11840.4800
11841.0122
11841.0960
11841.6880
11842.1043
11842.2537
11842.7766
11854.5937
11858.3018
11860.8341
11863.6238
11864.3333
11865.6748
11866.0258
11873.4722
11879.8843
11880.4758
11893.6829
11894.6507
11903.7223
11905.1139
11906.3351
11909.8642
11910.3500
11911.5096
11916.1961
11919.2001
11919.9060
11921.9096
11927.1187
11927.6404
11928.4073
11930.9920
11931.8591
11931.9844
11937.0399
11938.1587
11938.7059
11942.0037
11942.8966
11943.1990
11948.7904
11951.3109
11952.8891
11954.1289
11954.3787
11971.8512
11976.9763
11977.3883
11984.7265
11994.7497
12023.2589
12028.1832
12041.4899
12045.8853
12046.9256
12050.1797
12054.1501
12058.9677
12073.3730
12073.8985
12079.2011
12104.3851
12116.4631
12122.1027
12124.3999
12125.8218
12142.6378
12158.9796
12169.7965
12173.5296
12198.2857
12219.3045
12221.9056
12222.0737
12227.3847
12235.6578
12237.9669
12246.0812
12264.5158
12269.2841
12272.0288
12276.5052
12308.7482
12317.6124
12327.5589
12334.7782
12347.8461
12355.3563
12356.6380
12357.7592
12359.8216
12369.3334
12390.8118
12393.1048
12397.8243
12399.2718
12406.8206
12430.2228
12440.0751
12453.3599
12463.6978
12467.5987
12478.5717
12503.7064
12515.9201
12519.1128
12527.5447
12527.7097
12530.5600
12533.5042
12546.6685
12548.5674
12557.2476
12560.7588
12569.3162
12577.8399
12579.2180
12580.0198
12598.1936
12605.3213
12611.4098
12613.3551
12615.3550
12619.5896
12620.5693
12621.5308
12622.7069
12624.5919
12625.1390
12630.9508
12639.1079
12641.6201
12642.6075
12658.3487
12664.5071
12679.1119
12693.9283
12696.9336
12705.1160
12728.2310
12736.8873
12840.9121
12868.2447
12872.8690
12902.3707
12967.0083
12972.1902
12988.9834
12994.2424
13016.0975
13017.5502
13025.2726
13032.4197
13034.2045
13039.0643
13040.9440
13052.0340
13053.0027
13054.5900
13056.0920
13056.3348
13057.3801
13057.5283
13057.8601
13066.5910
13068.8547
13072.0982
13074.5615
13080.3072
13081.5812
13087.0971
13099.4817
13120.6212
13138.7807
13148.5863
13154.2243
13176.8008
13239.5732
13252.5865
13275.3517
13282.2739
13284.8890
13294.5401
13302.4018
13303.1747
13305.0335
13311.4600
13321.4660
13327.0592
13329.2356
13333.1351
13333.2042
13334.9882
13340.5526
13347.1858
13349.7563
13354.5052
13354.6363
13359.1370
13365.2955
13390.7985
13394.9006
13404.2808
13408.4724
13409.7167
13411.3752
13418.2881
13419.5727
13422.7378
13438.3388
13438.7598
13440.7787
13488.2356
13504.9057
13513.6134
13514.8084
13517.6043
13522.0544
13522.5947
13574.4330
13610.9566
13611.8920
13622.0469
13641.8582
13648.3389
13652.2206
13656.5884
13659.1274
13661.5887
13668.8834
13682.1219
13685.6320
13686.5762
13691.2587
13691.3085
13693.4202
13701.8742
13708.1230
13714.6040
13717.5996
13722.1593
13728.4221
13742.6147
13750.7362
13752.1792
13757.9770
13761.8289
13799.5814
13801.2793
13811.7605
13815.2237
13815.3707
13816.5524
13818.6468
13819.3059
13834.0502
13844.5307
13859.0696
13913.4233
14024.5665
14043.3860
14069.6751
14131.5448
14153.7200
14164.0377
14174.4835
14174.9922
14182.8315
14184.1058
14189.2685
14228.7367
14239.7876
14264.5975
14285.1868
14288.1661
14317.0513
14326.4312
14347.3940
14348.9799
14355.8227
14357.3793
14363.2698
14364.3676
14387.9309
14389.5975
14408.5679
14409.0567
14415.6444
14417.7469
14436.9315
14439.3653
14474.0536
14487.6218
14490.3831
14591.3397
14611.8907
14619.6454
14630.4608
14635.9497
14647.5328
14649.5297
14653.3277
14653.7802
14654.7449
14656.8677
14656.9398
14666.6173
14670.7195
14674.2716
14679.8148
14682.1809
14697.1186
14701.2551
14701.3296
14711.0369
14718.0497
14718.1242
14725.7290
14739.0085
14741.3441
14742.8665
14743.5123
14743.5797
14747.0997
14749.3751
14749.7799
14750.5541
14751.7924
14753.4803
14755.4265
14756.0400
14756.0485
14756.4888
14757.1475
14758.6979
14759.4170
14760.6522
14763.3625
14769.8593
14770.3290
14771.6377
14773.8728
14777.5342
14777.6510
14787.0669
14790.8827
14792.0098
14793.7896
14798.7441
14803.5024
14812.1644
14825.8984
14826.8828
14827.0632
14840.0691
14840.6757
14841.5863
14863.4689
14869.6348
14871.8499
14885.4440
14896.5455
14994.6793
15001.0032
15014.4945
15020.0320
15055.8188
15060.7507
15063.4719
15071.6196
15072.4851
15078.7889
15079.7076
15080.7176
15081.1687
15102.9073
15117.1709
15121.4797
15124.0674
15126.2836
15128.6801
15137.1032
15140.6672
15147.8053
15164.5797
15165.3920
15166.7261
15168.3141
15173.4523
15173.7112
15177.8577
15182.9200
15190.5687
15192.5986
15193.8587
15197.0290
15200.0749
15200.9803
15214.0559
15216.5539
15232.0866
15253.0656
15254.0375
15254.5294
15256.3754
15256.5321
15263.4073
15265.2082
15266.9321
15267.6608
15271.6982
15272.3140
15274.4638
15276.1411
15276.2788
15287.1034
15287.6855
15287.8450
15289.9287
15292.0028
15292.7697
15294.2322
15310.9471
15323.0345
15323.1943
15323.2480
15326.2899
15338.4273
15342.8146
15373.9020
15376.0163
15378.7883
15394.1630
15398.9272
15409.6237
15415.6016
15416.4452
15420.1334
15423.9564
15429.1303
15440.0346
15440.8776
15441.2616
15461.3007
15468.1931
15506.8262
15523.0012
15526.4139
15530.5197
15531.1611
15533.7457
15568.5489
15569.0743
15569.5843
15570.6420
15573.3102
15573.9629
15577.4149
15581.3057
15586.1442
15587.0145
15590.8702
15596.1752
15596.2216
15605.3077
15609.8403
15616.1518
15636.4461
15653.2937
15665.9622
15667.5062
15699.6407
15711.5972
15720.8350
15721.9100
15724.9847
15730.9680
15735.3198
15741.5788
15741.7497
15746.3449
15752.4522
15755.3955
15755.5138
15759.4530
15761.6787
15771.6748
15773.7077
15782.9061
15785.1721
15785.7587
15786.8832
15790.8916
15790.9895
15798.5876
15806.8915
15810.7921
15813.0500
15813.5064
15827.9004
15828.4891
15831.5900
15833.1732
15848.5705
15853.3220
15854.4273
15856.8282
15875.8805
15899.9761
15903.6072
15903.8751
15907.9148
15911.3948
15916.0714
15920.6927
15925.0566
15931.7301
15945.1805
15945.5198
15948.9373
15960.4547
15961.2494
15962.2588
15967.8757
15989.0913
15990.9564
16010.9362
16012.0772
16017.5261
16050.7677
16184.7371
16186.5890
16187.0409
16230.3906
16249.4270
16261.5941
16299.3652
16332.8123
16341.7904
16345.9929
16352.6595
16355.2827
16355.8621
16357.0828
16387.4569
16389.7413
16394.5714
16402.8689
16403.2045
16430.4612
16440.1773
16449.2982
16451.8139
16482.1559
16487.9934
16488.1886
16489.1250
16489.1300
16490.3293
16493.1085
16495.3270
16499.4024
16500.0814
16506.2544
16514.2632
16514.2826
16527.0823
16529.7287
16554.8616
16556.9304
16560.3994
16570.2605
16575.2362
16587.1905
16598.3234
16614.5739
16627.8464
16637.6420
16646.9189
16649.3664
16653.6717
16653.7509
16654.8903
16658.1691
16663.7680
16664.2548
16669.5217
16670.7516
16671.6034
16678.2069
16678.7672
16679.5910
16680.5160
16681.9588
16686.3759
16692.2923
16692.7728
16692.9113
16695.4221
16695.9876
16698.7531
16698.9674
16699.9846
16701.3752
16702.1121
16704.5258
16704.7590
16704.9898
16705.6238
16708.2719
16709.8902
16719.8590
16734.5853
16739.1161
16739.2707
16743.8032
16755.1991
16759.4580
16763.1114
16771.4792
16771.6112
16821.8119
16855.2167
16857.6063
16868.0724
16872.7344
16872.9072
16875.2815
16876.3430
16883.2982
16890.5184
16908.2858
16914.2984
16927.0241
16930.5836
16937.3368
16944.1563
16944.4633
16958.4780
16960.7841
16975.5011
16981.6234
17023.0493
17025.4632
17038.3652
17054.2689
17092.9540
17099.0634
17100.5771
17111.4001
17118.4794
17127.8569
17135.9617
17136.8085
17138.4817
17142.7016
17144.5250
17145.4879
17146.8869
17150.3990
17151.8902
17186.6899
17186.9029
17188.2627
17209.1492
17216.2842
17224.1254
17229.4735
17235.7254
17246.0076
17246.8641
17253.6110
17255.8891
17284.6473
17295.0487
17307.5982
17310.3525
17313.3708
17314.1121
17315.5987
17316.0919
17323.2200
17325.1750
17325.5330
17327.8682
17332.7277
17340.5996
17346.0710
17347.6824
17348.9732
17349.4969
17351.7793
17357.4287
17360.5112
17360.5786
17360.6926
17360.7913
17360.9483
17361.6457
17361.8348
17362.0831
17362.5879
17365.9445
17368.5078
17369.2792
17370.6022
17371.5606
17371.6739
17376.9018
17377.2148
17384.5835
17391.3071
17393.9289
17396.4220
17398.4459
17403.8704
17405.0784
17419.3764
17419.4572
17424.6350
17425.1055
17441.4794
17442.9295
17449.8240
17450.7707
17472.2138
17476.1299
17478.5690
17501.0819
17504.8152
17515.7090
17524.0820
17530.3214
17545.4830
17546.2571
17548.5411
17550.5438
17554.6356
17564.4627
17570.1215
17570.4209
17573.6215
17573.8891
17577.0610
17578.6405
17582.8884
17589.1886
17594.6608
17597.5615
17602.5878
17609.4879
17612.7853
17619.3886
17634.3626
17652.4109
17676.4623
17677.1612
17685.7080
17695.1363
17696.2968
17697.2278
17700.5574
17701.7462
17705.3191
17738.8475
17758.8231
17761.3445
17772.5307
17801.9112
17803.6029
17816.6157
17820.6344
17824.8345
17828.7534
17830.6096
17855.9751
17855.9989
17872.8329
17893.1234
17905.0890
17905.1489
17914.3935
17933.8782
17935.5656
17940.9874
17944.9933
17947.8097
17952.2153
18072.4947
18088.3364
18114.0265
18120.3199
18139.5747
18140.8019
18143.6935
18155.3609
18157.3506
18160.2732
18165.0457
18171.5884
18175.3118
18186.1084
18200.7406
18229.2629
18235.0472
18270.1493
18288.2925
18290.4692
18320.9837
18380.3423
18383.8917
18403.1857
18415.3174
18420.3850
18455.0636
18475.2999
18483.5300
18484.0754
18490.0359
18495.0303
18505.4228
18506.2547
18510.3729
18519.2618
18524.3817
18526.1982
18533.9045
18620.4243
18625.5212
18627.9716
18632.7125
18632.8114
18638.5911
18651.1988
18655.5679
18656.0901
18657.3471
18657.5086
18658.6660
18661.8271
18662.8451
18664.7748
18665.3489
18665.4592
18670.6410
18677.5870
18681.3375
18682.7090
18682.7330
18684.2187
18689.2916
18689.9450
18691.1291
18691.7334
18694.4131
18696.5736
18700.6283
18701.0038
18701.6562
18705.0782
18708.1887
18732.8859
18739.2796
18748.2151
18770.1185
18775.7755
18775.9190
18776.0123
18776.3803
18779.8339
18783.9337
18784.2793
18791.9975
18795.4181
18806.1102
18813.2033
18818.9424
18824.8234
18832.1815
18842.0812
19144.5638
19180.0627
19180.7521
19190.9827
19193.3273
19208.7614
19218.7013
19318.8907
19319.6625
19368.3025
19371.1020
19371.5130
19371.9471
19372.0610
19375.1456
19395.7766
19396.4097
19401.6183
19406.5312
19407.6253
19411.9351
19415.7244
19417.8882
19422.5422
19429.9653
19430.7002
19435.9596
19436.4621
19442.1226
19444.8094
19473.8964
19479.5221
19481.7723
19482.5890
19483.0960
19489.8614
19493.4512
19500.5789
19504.4062
19539.3741
19542.8740
19553.1722
19553.5554
19553.8462
19558.9727
19575.4925
19604.7297
19615.3958
19619.5523
19624.7345
19625.5914
19626.5501
19636.3022
19638.8156
19652.7214
19655.2451
19663.4908
19667.2655
19669.8520
19675.2709
19685.4762
19693.1894
19710.3579
19713.7645
19716.4617
19731.7493
19732.9614
19738.1325
19745.7780
19754.1297
19758.1140
19759.7740
19779.2470
19779.9327
19780.1843
19800.1253
19809.4538
19819.0991
19819.8576
19822.8717
19824.9132
19825.6720
19825.7586
19827.4140
19827.4636
19828.0110
19829.3494
19832.0049
19833.2606
19834.8831
19837.0211
19837.4741
19837.9695
19839.2965
19839.3058
19841.6793
19844.2911
19845.0481
19847.3368
19848.2826
19848.6222
19851.4337
19852.7663
19854.7294
19860.0282
19865.3169
19871.1520
19871.3880
19875.1103
19885.4080
19891.0600
19895.4507
19901.0016
19909.9347
19910.9398
19915.8967
19916.7168
19919.8420
19921.0411
19924.3328
19924.8052
19924.9358
19925.8465
19928.2419
19931.9760
19934.8581
19936.9589
19937.2488
19941.2451
19943.9549
19944.4126
19949.9009
19953.6108
19954.4782
19954.8437
19954.9109
19960.1977
19962.1166
19962.4865
19962.5871
19964.0746
19967.6999
19968.8726
19969.4055
19970.0658
19970.3187
19970.3811
19971.3998
19974.2488
19975.1534
19979.8125
19979.9125
19980.6126
19984.2062
19984.7582
19985.0116
19985.3194
19986.4502
19987.4786
19988.3348
19988.5395
19989.6568
19991.8333
19992.2662
19993.0763
19997.6174
19999.8244
20000.2049
20002.5751
20002.7196
20009.7188
20010.7632
20011.3534
20011.7137
20012.7643
20013.7712
20016.9943
20021.8270
20023.9428
20026.8098
20030.2848
20030.5257
20031.8493
20032.9686
20033.1569
20033.9911
20034.0430
20038.9467
20039.7398
20040.4877
20045.7988
20047.4976
20047.9555
20048.7953
20049.9618
20050.2095
20052.3917
20054.3113
20054.4746
20056.0265
20058.1511
20058.7125
20058.8516
20059.5708
20060.9250
20062.4715
20062.7075
20064.6739
20066.1512
20066.7684
20069.8291
20071.3519
20077.3524
20082.9250
20089.7713
20092.0591
20095.6002
20097.9074
20102.6467
20103.4846
20104.1154
20111.9962
20114.3083
20119.8140
20124.4741
20129.7177
20141.3523
20144.6611
20151.8649
20152.3648
20158.9652
20159.4412
20162.1559
20164.0694
20170.7740
20171.2264
20249.0237
20249.6987
20273.4843
20291.9353
20305.0898
20332.0808
20337.0469
20411.4165
20424.0486
20425.6418
20453.0582
20497.3606
20519.0769
20532.4931
20538.4467
20542.1658
20547.2095
20547.4868
20548.5322
20551.4465
20551.5546
20551.7447
20553.3358
20553.4744
20561.1724
20590.1879
20616.5765
20626.1855
20629.2567
20637.2679
20661.0751
20666.8669
20672.4299
20678.5648
20684.2496
20685.4273
20686.1855
20686.4803
20695.5469
20697.4392
20700.6077
20706.8279
20707.7282
20707.7541
20716.1255
20718.7255
20721.1331
20723.8960
20725.3041
20727.8121
20728.9766
20730.9468
20733.9245
20737.3903
20737.8520
20754.0879
20763.1922
20765.4006
20774.0302
20774.3722
20780.4294
20784.4921
20788.3492
20790.7474
20793.7896
20803.8698
20823.2252
20824.1676
20827.6920
20832.5246
20836.4575
20840.9843
20860.3981
20983.9189
20997.2621
20998.6323
21000.0507
21047.4063
21084.0018
21114.7773
21128.7742
21147.1623
21149.7723
21165.2789
21165.6530
21178.0161
21178.8736
21180.4857
21195.9351
21196.5933
21211.7568
21219.2572
21233.8399
21267.6235
21270.9749
21273.9843
21283.7778
21291.1501
21291.6846
21307.7713
21335.6338
21338.1207
21339.4136
21339.8090
21352.7737
21372.1414
21372.8061
21377.6434
21382.6336
21388.3166
21388.8241
21389.3092
21389.7768
21391.1274
21401.4370
21415.1727
21415.7977
21416.9958
21418.1362
21418.6208
21437.6860
21440.1603
21441.1760
21443.0989
21448.3438
21453.7286
21460.3135
21466.1878
21466.4889
21470.2864
21470.7370
21473.2838
21476.2530
21484.3492
21497.4705
21508.6069
21517.5349
21518.8891
21524.8154
21533.8563
21547.6594
21556.1113
21556.8888
21559.8478
21573.2344
21578.4587
21583.9206
21588.1593
21591.2904
21593.6883
21600.4869
21607.1464
21615.6491
21616.1312
21627.3927
21630.1990
21633.5927
21636.0051
21636.4715
21637.8832
21638.6132
21651.0769
21688.7998
21692.5642
21722.3441
21788.5774
21812.8048
21827.1243
21828.9117
21835.8303
21836.6875
21844.3396
21852.0367
21859.1822
21861.2146
21866.8522
21882.8094
21919.8789
21921.5421
21931.1833
21934.7796
21935.1243
21942.1769
21944.0773
21977.3334
22003.1640
22013.6674
22017.6748
22020.1993
22021.4334
22026.1926
22026.9064
22028.9302
22039.9810
22044.1439
22045.5131
22049.6365
22053.7886
22056.3420
22059.0680
22059.4600
22062.4186
22081.9555
22089.0672
22099.5438
22104.0971
22106.6059
22110.2532
22116.8163
22124.4375
22126.1528
22142.9273
22155.4312
22155.6188
22222.9419
22271.5990
22299.4765
22308.8755
22311.8111
22332.0234
22339.2739
22343.9561
22354.0248
22362.8910
22365.3471
22366.1281
22377.7086
22381.8470
22382.1343
22386.4350
22399.8065
22418.3490
22422.6454
22435.0401
22446.1668
22451.6764
22452.8415
22460.7735
22481.7306
22493.7048
22494.0338
22497.3419
22532.6055
22553.6104
22562.2999
22562.9951
22582.9301
22583.0320
22594.5137
22604.2018
22652.2257
22678.6038
22684.7416
22690.4963
22704.6263
22706.9865
22707.9018
22715.9543
22735.5850
22735.9718
22744.6500
22746.7981
22749.2908
22751.4021
22757.4647
22763.4080
22767.6018
22772.2451
22776.5537
22780.2509
22802.4546
22815.1610
22815.8988
22821.1173
22823.1665
22823.8113
22825.1877
22830.0517
22853.0858
22859.4356
22864.2511
22865.0641
22875.3827
22883.8105
22910.9455
22914.7899
22922.6367
22928.7007
23016.5784
23031.6542
23055.8468
23072.0496
23084.4761
23094.1494
23095.9482
23097.6222
23101.1778
23116.2452
23129.8289
23132.7440
23133.6789
23138.5640
23153.4566
23154.5742
23155.4181
23180.5294
23194.0171
23201.4574
23220.2055
23238.7241
23249.4666
23260.0460
23260.4561
23264.3530
23282.2479
23289.8508
23302.0204
23304.0555
23313.1347
23322.8364
23347.1597
23354.9505
23356.1840
23409.3982
23416.5925
23418.5002
23420.6069
23422.8585
23423.8702
23426.2979
23429.4314
23429.9348
23432.3325
23437.5802
23438.7029
23447.3101
23450.7220
23452.8822
23453.2578
23464.6293
23464.9004
23465.7475
23468.8016
23473.0729
23477.1970
23485.8826
23486.3094
23488.8543
23502.2850
23507.2088
23512.0146
23512.1749
23524.7491
23528.1954
23530.4541
23532.8065
23542.6588
23545.0817
23553.0386
23554.4781
23555.9477
23563.8774
23566.6765
23571.0882
23572.9856
23573.7204
23573.7343
23575.1397
23578.8070
23579.1879
23581.2257
23582.8773
23583.9434
23588.0223
23593.4644
23595.7791
23599.8032
23613.2594
23616.6717
23619.2428
23626.3583
23628.4453
23634.2023
23652.5889
23654.8568
23661.7908
23672.2986
23680.0714
23682.5484
23685.5506
23688.0181
23691.9439
23698.1778
23714.5952
23717.2706
23719.2415
23722.8562
23730.7825
23761.4060
23762.6381
23769.0390
23773.9543
23778.7136
23801.5873
23815.3701
23818.6817
23820.8680
23823.8821
23826.7361
23835.2101
23836.9865
23839.1392
23896.1206
23958.1220
23983.7282
23984.7642
24127.0041
24129.0051
24201.8746
24212.1300
24245.3536
24253.0944
24258.8022
24281.7469
24308.8505
24317.1640
24320.8612
24321.1035
24328.3577
24329.3577
24333.4780
24335.7454
24339.1053
24339.6043
24356.1011
24356.6583
24369.8072
24370.1827
24385.9993
24393.0481
24397.3447
24402.1213
24419.9083
24422.5369
24447.9807
24450.1885
24451.5595
24459.8909
24462.8790
24465.4938
24490.3216
24492.8628
24499.4516
24500.1044
24515.0197
24532.7866
24532.9138
24535.9012
24536.5363
24538.9779
24545.2064
24550.1585
24561.0750
24565.9025
24579.7672
24584.3026
24585.1123
24585.2816
24586.4042
24587.2230
24588.6020
24589.0200
24589.3559
24589.4846
24590.0333
24594.2206
24595.7812
24596.7998
24598.9939
24606.2946
24607.1005
24611.4043
24616.2627
24631.2128
24631.8720
24634.3603
24635.1352
24637.1823
24638.1073
24646.1606
24649.1037
24669.4057
24702.5328
24706.4343
24708.4326
24713.9787
24716.0594
24720.6850
24749.4269
24756.9796
24758.3651
24793.1612
24814.7430
24826.0040
24826.9842
24841.8808
24847.3484
24866.8254
24872.2965
24877.2920
24889.1474
24892.0179
24892.9032
24893.2761
24894.6734
24899.1540
24899.1819
24901.7222
24901.8903
24902.1786
24902.7613
24903.1801
24906.1108
24907.0333
24908.3983
24917.1494
24928.4371
24929.1013
24930.9094
24932.6031
24936.1468
24936.2259
24939.2349
24945.4432
24949.2491
24952.3138
24960.8029
24966.4863
24966.9154
24973.2693
24977.6933
25004.2772
25005.0446
25007.0136
25030.6331
25033.3366
25050.9819
25055.7582
25065.8291
25073.6433
25081.3377
25090.4352
25093.6037
25094.0253
25096.3265
25106.7509
25114.2245
25142.1055
25142.6310
25149.9279
25151.9938
25153.0452
25174.8994
25184.3616
25188.3980
25197.5079
25217.4039
25226.2910
25227.2173
25231.6811
25231.7814
25231.8119
25232.0699
25238.0328
25241.0269
25243.5211
25243.6300
25246.0435
25249.9861
25259.1347
25259.3415
25269.2921
25270.6830
25275.1645
25280.7895
25282.1639
25283.2004
25284.9911
25286.4087
25289.5164
25290.6121
25290.6953
25291.1092
25292.5245
25294.7688
25300.0555
25301.0869
25311.6927
25319.8055
25320.9116
25329.9095
25331.2423
25332.5963
25342.0605
25359.1110
25365.5142
25369.3664
25369.9312
25371.9230
25373.5629
25384.7667
25387.0786
25396.3691
25405.2627
25421.2296
25434.3236
25450.3978
25462.9092
25472.5699
25475.4766
25488.3581
25488.4651
25495.7120
25497.5666
25501.9512
25525.0951
25525.4107
25527.2847
25529.2043
25529.4927
25538.6874
25539.1434
25539.5545
25539.6087
25541.8818
25542.6456
25545.8464
25555.4917
25557.7314
25567.6681
25567.7968
25574.2314
25576.5264
25577.5123
25580.7340
25583.2350
25585.4796
25587.3851
25589.3066
25590.2972
25592.5366
25610.4700
25638.4533
25642.9185
25643.7779
25645.8936
25646.4938
25649.5071
25651.7100
25652.8481
25653.3822
25654.4885
25658.0287
25658.9104
25660.8046
25666.0071
25666.4280
25666.7120
25667.9910
25672.1249
25673.2899
25674.3040
25674.9965
25675.4961
25688.8789
25691.1607
25696.4612
25699.8833
25701.4133
25703.0516
25705.5825
25713.3497
25713.5526
25715.6499
25716.6327
25723.4119
25725.2581
25726.0744
25728.1877
25748.0521
25749.2908
25749.4775
25757.4493
25757.8329
25760.8481
25763.3450
25763.3723
25766.3128
25777.3484
25778.0995
25796.2277
25801.7317
25806.0910
25811.2170
25813.9635
25819.1474
25820.6349
25822.4588
25825.1487
25825.7491
25828.3408
25828.5343
25830.7451
25831.6703
25834.8721
25839.5021
25840.7786
25842.1748
25843.2283
25848.3628
25851.0327
25851.3625
25861.5906
25865.3769
25873.8944
25878.5708
25881.4907
25885.8559
25886.9598
25889.9207
25894.3650
25896.5377
25904.0299
25905.1340
25909.5605
25912.2428
25913.9342
25918.0641
25919.3592
25922.6501
25941.3766
25945.1353
25950.1466
25952.5338
25953.8167
25959.9476
25961.4309
25961.5492
25962.4859
25965.3702
25968.0041
25969.4559
25974.7356
25984.0830
25987.5257
25993.8786
26007.2142
26010.9714
26013.2290
26017.5588
26018.8063
26018.9920
26020.4120
26025.1333
26029.4419
26029.6973
26031.2294
26041.8441
26054.6905
26067.7027
26115.3065
26115.9862
26153.8220
26156.4619
26158.3346
26162.6525
26177.1665
26178.2712
26180.0234
26180.9908
26185.0763
26192.4742
26193.3749
26200.3352
26215.1128
26217.3804
26228.7099
26232.4378
26250.2045
26250.9469
26256.7802
26270.5448
26280.3648
26282.7379
26305.4619
26314.9911
26315.0906
26315.3181
26320.0325
26363.4655
26367.7967
26367.8553
26370.8303
26384.6800
26388.4352
26397.7759
26401.1480
26402.6700
26410.4786
26425.5789
26426.1699
26432.5454
26436.1203
26437.8493
26447.2709
26447.8334
26451.9344
26466.8416
26470.7723
26500.2227
26501.2970
26514.0489
26519.3619
26523.9278
26535.3597
26536.3453
26538.3645
26549.0533
26550.4693
26550.4863
26553.5453
26553.6313
26553.7366
26565.4041
26565.5996
26566.5428
26567.1141
26568.4514
26569.6480
26572.0999
26574.5530
26575.0184
26576.1051
26577.2548
26578.4736
26580.8301
26581.7424
26586.1313
26586.8130
26587.3163
26587.6400
26593.4217
26623.1314
26625.9060
26625.9738
26628.5369
26635.8128
26637.8567
26638.6923
26642.0141
26645.0537
26647.1186
26648.5952
26650.3012
26653.7048
26668.1657
26670.6092
26687.0731
26694.4820
26721.0253
26754.2691
26764.1734
26786.4204
26822.1034
26823.1013
26824.6336
26836.8099
26844.3172
26851.4990
26855.5100
26870.6391
26871.4965
26876.7827
26889.0111
26892.7807
26893.2011
26896.0100
26898.2192
26916.5052
26935.9280
26944.9464
26964.3020
26967.6616
26978.3165
27007.5247
27036.3537
27073.4950
27076.7178
27097.7891
27106.0507
27136.7684
27158.0446
27174.1273
27179.1732
27180.1011
27182.1551
27184.6872
27186.8742
27191.6283
27192.5524
27217.9311
27234.6954
27241.6159
27244.9411
27251.0445
27253.8380
27262.1627
27266.9002
27267.6903
27291.4420
27292.3670
27312.8141
27322.7010
27328.2719
27583.7773
27594.0852
27613.5789
27622.6053
27624.6000
27663.6620
27669.9355
27685.7461
27695.3470
27709.7316
27723.4832
27725.9733
27730.0542
27732.6670
27736.0733
27738.2528
27739.7148
27757.6076
27764.4162
27779.0421
27781.0718
27785.1400
27787.2382
27788.9310
27793.4032
27804.1088
27812.6805
27818.3128
27825.8434
27835.7584
27838.1521
27839.1468
27839.5704
27843.9069
27850.3884
27854.8328
27859.4915
27862.6415
27863.6890
27873.4464
27876.3403
27878.1144
27902.2122
27902.6238
27910.7184
27911.0229
27923.9164
27925.1109
27925.3063
27932.8952
27938.0343
27940.6481
27943.1196
27967.1675
27974.8517
27975.7004
27981.1146
27987.6725
27988.2772
27999.4888
27999.8469
28006.0126
28021.2330
28025.6945
28031.5494
28036.7775
28041.9154
28059.4200
28073.3714
28080.6692
28091.5769
28095.9029
28103.7905
28109.5926
28114.8208
28115.8337
28118.9637
28121.6289
28124.4764
28130.8280
28133.7863
28139.4983
28152.2187
28152.8638
28158.5117
28159.3138
28159.9924
28162.2646
28165.9431
28167.3643
28169.2489
28169.5996
28169.8484
28172.5153
28175.6121
28176.4277
28176.6141
28182.2170
28187.0903
28187.5183
28188.8569
28189.2169
28189.7550
28190.1265
28192.4032
28206.4004
28221.8898
28242.9188
28251.3239
28275.9536
28292.4533
28301.9743
28302.3218
28309.1031
28313.6865
28315.5907
28317.1946
28318.3292
28322.4800
28327.9202
28328.6772
28329.0816
28332.8228
28334.8741
28336.8791
28340.5894
28341.5874
28341.9241
28345.3069
28359.6915
28362.9781
28364.0357
28365.3354
28369.0601
28377.3592
28382.4143
28407.7044
28603.3776
28608.5984
28658.2985
28662.1235
28664.8206
28670.9391
28690.2205
28698.4617
28777.6035
28777.6168
28809.1189
28813.7701
28814.3140
28815.4951
28816.3763
28858.5724
28861.4223
28902.3614
28902.6567
28903.4913
28911.9732
28914.4007
28919.3549
28922.5839
28930.3543
28943.9986
28950.5519
29001.5217
29025.7838
29027.9683
29031.4150
29031.6137
29048.1309
29052.3347
29055.6857
29075.9834
29089.4300
29097.9701
29196.5197
29225.7600
29229.7710
29233.2208
29234.8684
29236.3894
29344.6645
29350.6121
29362.8932
29399.5367
29401.8042
29408.4708
29456.4776
29463.1030
29491.3490
29492.1089
29496.6224
29513.8572
29521.5408
29524.7073
29524.9105
29525.5945
29526.8585
29535.4390
29538.5348
29540.0369
29542.3123
29544.9318
29550.5625
29551.7728
29553.8025
29568.0242
29578.5705
29579.3231
29579.8350
29584.2838
29606.6791
29607.5329
29611.4719
29627.7960
29635.9465
29661.2512
29665.5952
29667.5031
29670.4999
29672.4924
29672.9556
29686.4312
29687.8241
29701.1878
29703.4856
29706.0919
29706.6974
29748.5006
29757.7574
29769.8549
29777.0172
29778.2397
29780.8308
29807.0070
29829.4862
29834.4949
29841.5537
29841.5821
29844.8810
29855.3199
29855.7542
29881.3314
29887.0963
29915.2173
29918.3169
29938.3705
29943.3098
29947.2871
29956.1970
29959.5582
29985.0962
29991.6712
29996.1528
30030.0071
30039.4879
30040.0151
30042.0434
30050.4098
30061.3578
30065.8842
30067.7017
30068.8069
30071.3990
30081.8939
30088.5213
30096.8684
30101.2284
30103.4437
30104.3283
30105.3929
30106.7775
30110.8326
30112.5051
30113.2442
30119.7589
30130.0359
30130.2116
30133.3496
30143.0741
30145.4895
30150.1870
30150.8200
30154.5198
30167.5744
30172.8498
30175.5174
30177.3541
30180.0810
30181.3644
30182.7341
30184.1647
30186.6617
30190.8085
30190.8641
30193.1200
30194.2692
30198.1234
30198.9970
30203.3338
30203.8115
30205.3169
30209.4576
30210.1696
30210.7259
30217.2006
30221.0249
30221.2229
30238.1090
30245.6717
30258.4741
30286.5493
30290.1683
30291.3974
30297.6740
30303.0404
30318.0202
30319.9829
30324.9746
30329.9882
30332.4403
30348.2982
30358.9334
30366.6608
30367.5864
30367.7305
30369.0645
30375.6496
30375.8768
30394.8588
30429.3225
30430.1832
30441.0924
30444.8725
30453.7199
30482.8055
30484.2875
30540.3932
30558.5467
30559.7724
30585.0243
30588.9743
30589.2633
30619.7976
30631.3030
30635.7829
30662.6585
30664.2984
30669.0344
30669.0622
30670.1797
30675.9747
30682.9745
30685.3283
30686.2200
30694.7647
30707.4972
30712.8657
30715.1093
30727.7748
30734.2554
30738.1989
30743.1435
30747.0160
30752.6064
30754.8126
30758.9197
30766.8475
30768.4895
30775.8990
30777.3889
30778.4985
30783.9719
30786.0038
30786.1216
30788.5617
30790.8651
30793.5583
30794.8267
30795.8751
30797.3309
30797.7083
30802.0528
30803.4559
30805.4085
30806.4263
30806.7227
30807.0096
30807.5178
30809.5898
30811.0097
30812.0257
30813.0906
30817.1858
30820.3265
30821.7931
30823.4561
30824.3864
30830.3505
30830.9956
30835.0068
30841.9657
30845.1961
30850.4287
30853.1699
30853.4466
30857.7643
30858.3799
30864.9434
30866.4543
30872.2501
30914.3713
30940.1691
30976.1453
30999.6465
31001.0295
31034.5130
31057.9594
31062.3570
31119.1311
31121.0759
31124.2093
31172.2584
31173.7079
31189.5004
31201.1489
31211.9694
31212.5705
31219.0456
31228.2154
31231.6217
31256.6501
31265.0498
31295.2905
31307.7889
31309.5007
31313.6999
31315.7615
31333.4043
31334.7490
31340.6549
31350.7376
31352.7484
31354.7596
31356.6607
31357.3201
31357.7979
31360.9039
31361.1104
31366.4516
31367.7534
31373.7234
31374.4204
31377.7258
31378.3928
31380.3990
31382.0055
31383.3513
31384.6544
31384.7395
31387.0737
31390.3824
31392.5670
31393.6510
31393.9790
31397.5153
31399.1671
31404.1656
31405.3524
31408.5562
31408.9723
31409.1610
31409.8899
31410.1339
31414.1880
31415.0605
31418.6519
31419.4122
31419.8902
31420.8851
31421.7323
31423.2372
31424.1689
31426.0523
31426.4707
31432.2930
31433.0632
31434.8088
31438.4343
31440.1788
31444.3906
31452.1527
31457.3173
31457.6925
31458.1417
31465.2826
31474.8158
31483.9316
31495.6744
31511.1784
31526.4582
31527.1747
31528.7231
31539.1386
31543.9350
31545.7411
31545.9067
31546.7672
31555.5687
31560.4102
31564.4042
31564.4246
31568.8566
31571.0644
31573.0673
31577.6767
31580.5432
31580.6148
31582.7686
31586.0320
31586.2427
31612.0429
31614.0347
31628.2286
31629.3141
31631.9816
31648.0574
31660.2760
31661.2951
31679.3201
31681.3714
31683.3074
31723.4057
31760.5710
31763.0480
31770.4885
31778.8860
31779.7537
31780.4609
31781.3786
31787.6211
31788.1306
31789.7551
31791.0247
31791.2823
31794.0861
31794.1325
31796.7247
31798.8193
31799.0165
31799.2151
31801.2953
31807.1539
31807.8169
31808.1357
31814.6296
31825.0002
31853.6702
31861.9105
31862.0302
31879.2085
31880.4778
31903.2946
32135.0786
32147.0758
32180.9188
32181.5049
32183.7214
32200.4961
32222.8004
32236.5301
32238.3717
32247.0128
32294.5664
32294.7051
32303.7131
32304.7763
32314.7148
32324.7535
32335.8485
32336.0534
32342.9581
32346.4846
32347.4028
32354.8181
32358.7968
32361.7678
32363.5999
32366.2415
32382.1087
32385.1399
32390.2658
32390.8412
32405.7241
32426.1713
32428.3389
32428.3995
32430.9049
32431.3553
32433.1167
32433.4740
32439.5634
32445.4517
32447.1959
32450.1001
32472.2212
32480.6764
32485.7561
32494.4932
32500.4853
32502.9807
32514.2869
32518.5932
32518.6512
32523.8909
32535.7349
32539.7440
32568.9846
32569.5405
32585.0125
32591.2470
32602.0062
32603.4787
32620.0154
32624.4452
32717.0830
32886.4109
32888.5082
32893.9569
32894.2780
32894.4737
32900.9322
32903.1043
32904.5077
32906.7674
32909.0170
32915.2191
32921.4185
32928.9700
32932.5307
32932.5416
32936.2356
32937.2911
32942.7626
32945.4418
32953.2788
32960.5615
32961.3469
32962.6171
32964.4279
32974.1947
32977.1771
32984.8247
32991.6660
32997.7906
33015.1986
33020.7152
33021.7149
33023.7551
33028.1260
33028.4018
33034.0977
33037.1370
33037.9718
33046.8728
33047.6246
33052.0103
33052.7974
33057.0643
33058.0241
33058.1920
33058.9294
33059.2204
33061.1066
33066.3555
33069.7575
33074.5350
33081.4775
33081.6390
33082.5891
33084.1702
33089.7364
33090.0974
33090.5107
33098.6322
33188.6679
33196.1531
33199.5932
33200.9020
33201.6316
33206.5124
33215.8111
33218.3567
33232.3803
33246.5521
33247.8281
33257.0529
33264.8386
33273.7567
33277.3221
33286.3898
33322.6537
33322.7276
33328.1942
33348.1953
33356.1386
33356.8673
33358.5121
33361.1062
33392.8404
33395.1034
33395.3067
33403.9349
33421.0827
33431.3727
33575.1189
33583.2733
33621.8082
33641.5891
33645.4549
33683.6699
33697.2293
33717.5076
33740.9506
33742.0588
33746.6716
33758.0886
33798.7178
33854.1398
33857.5833
33859.0317
33859.6522
33880.5789
33891.7912
33896.6136
33902.1537
33902.2032
33914.4417
33935.9638
33948.2828
33961.9489
33964.3186
33976.9516
34006.2741
34006.8773
34015.8684
34022.8064
34039.0822
34058.0567
34062.3513
34062.3864
34075.6518
34080.2367
34082.5404
34082.7483
34082.9438
34085.0386
34088.2325
34095.3566
34099.2468
34100.5852
34120.4227
34173.9882
34234.1298
34241.0054
34262.8624
34267.0239
34273.0480
34273.1046
34280.3001
34284.6482
34285.2282
34291.2014
34295.4264
34296.4234
34297.1947
34306.8100
34319.1584
34329.1961
34337.3596
34346.4186
34354.6845
34355.8082
34359.9846
34383.9587
34386.2290
34386.6865
34392.4519
34397.9035
34403.1998
34405.3548
34405.8758
34419.1966
34420.5264
34430.7196
34433.4442
34443.3898
34455.8731
34469.9740
34492.3683
34499.6837
34506.0818
34508.2404
34514.9789
34516.1918
34516.4098
34517.0871
34520.3776
34524.5860
34527.0813
34528.3877
34534.4832
34536.9344
34539.1126
34539.7754
34543.9677
34549.1113
34549.2361
34562.9781
34564.5366
34565.0709
34572.9407
34573.8816
34581.2993
34582.8660
34591.3574
34591.4321
34593.4625
34594.5926
34597.8598
34608.4527
34608.8067
34616.4210
34620.1685
34620.3891
34621.8613
34622.4826
34626.7937
34627.0661
34629.6906
34631.3700
34634.3097
34635.2397
34636.3576
34654.4893
34657.0800
34657.8741
34666.0765
34674.8595
34684.8608
34685.0774
34692.9229
34698.2270
34709.1609
34710.2409
34719.2811
34733.0546
34734.4840
34735.9188
34750.1514
34765.8076
34778.3202
34779.1506
34796.7704
34805.3280
34805.7577
34813.2721
34818.3397
34818.4758
34841.8980
34847.1816
34848.4380
34868.4586
34872.7262
34901.4559
34914.7285
34928.7623
34947.4511
34955.5683
34975.4577
34997.8360
35000.9240
35020.4020
35032.2105
35041.3884
35042.9054
35045.5638
35046.6476
35052.1958
35053.5480
35058.7706
35060.8701
35065.9872
35072.6808
35076.3637
35081.3530
35082.4113
35090.9289
35090.9641
35091.6730
35092.5943
35096.5472
35097.4783
35097.5664
35097.9156
35104.0429
35107.1695
35107.4841
35108.7642
35112.3420
35118.2511
35119.9296
35125.0079
35125.5989
35127.2952
35131.7739
35134.7381
35142.1279
35143.6885
35159.3774
35161.0970
35162.4915
35169.3158
35180.9650
35185.2397
35185.8173
35186.0139
35189.4204
35194.0129
35196.8101
35199.7899
35224.4206
35228.2307
35228.3539
35231.1339
35232.6387
35281.3674
35282.2916
35295.9432
35297.4888
35298.3238
35300.5074
35306.3829
35312.4462
35316.7177
35321.1794
35326.0420
35330.9904
35332.0639
35336.1324
35339.6059
35340.6852
35340.8991
35340.9650
35341.4937
35352.1064
35356.3255
35358.6022
35361.4042
35361.4197
35362.8382
35363.7875
35366.8478
35368.0045
35372.0050
35375.8029
35378.1813
35379.2176
35381.6736
35384.7091
35385.1774
35404.1360
35409.4602
35415.8247
35444.6385
35455.2751
35488.4223
35489.0032
35500.8501
35508.5533
35509.1068
35509.9524
35519.3545
35523.3834
35531.4503
35531.4769
35539.0536
35540.8577
35543.8166
35546.9661
35550.1684
35554.3915
35558.4441
35559.2826
35563.3526
35563.5670
35572.7629
35580.6870
35605.3761
35619.8718
35623.7794
35632.1511
35632.4325
35648.5642
35648.6201
35649.8652
35653.7763
35656.8351
35657.6337
35678.0646
35699.1598
35701.4507
35702.4430
35702.6081
35703.0378
35708.5336
35709.7150
35711.0206
35712.7595
35713.6080
35713.8286
35717.0205
35720.4670
35722.0124
35726.2899
35728.3045
35735.3645
35738.9117
35740.2678
35748.7320
35757.5892
35760.3365
35761.5298
35782.1833
35786.0365
35786.3212
35789.0623
35802.2898
35821.6604
35825.8987
35844.5506
35845.1032
35860.9805
35877.1964
35880.7307
35891.8890
35895.6404
35919.4091
35920.7959
35921.3412
35922.0881
35923.1264
35932.3370
35936.5220
35949.0270
35953.6794
35957.0246
35976.6586
35980.9038
35984.9097
35988.4097
35992.0022
35994.9710
36002.1322
36002.6033
36002.8769
36007.5693
36018.8488
36021.1051
36029.2075
36029.9944
36033.8720
36082.2201
36093.2695
36103.3777
36113.4659
36116.7157
36119.5572
36122.0817
36128.4153
36130.1562
36137.5893
36142.7987
36143.9804
36147.8759
36169.8707
36172.7347
36173.4029
36271.1905
36294.2949
36304.0287
36340.0436
36351.9619
36371.9760
36385.7458
36389.5775
36390.4455
36391.4956
36409.4873
36477.5591
36507.6839
36510.6246
36529.9003
36588.6613
36592.1797
36598.9010
36608.4537
36613.7729
36614.7899
36615.0992
36620.0917
36620.1013
36628.8950
36629.0570
36642.8605
36643.3970
36647.0332
36678.8163
36689.2459
36695.4750
36695.8169
36699.1785
36699.5794
36700.0211
36711.6789
36719.3765
36723.3109
36723.4445
36738.0795
36738.2218
36741.7551
36741.9159
36761.5334
36778.9066
36780.3625
36785.4417
36785.9024
36815.9020
36818.8629
36833.2104
36841.8983
36844.5995
36845.0024
36849.1574
36852.4441
36856.8043
36865.3644
36885.1289
36885.6364
36889.8906
36899.1496
36903.1853
36905.3955
36923.4078
36947.6196
36948.8424
36954.3894
36963.8988
36974.3368
36978.9444
36994.9362
37002.4926
37005.6500
37006.7742
37058.7082
37061.9644
37064.6832
37066.1396
37073.1584
37074.2891
37076.4932
37078.0368
37078.9540
37081.0479
37090.5514
37096.8772
37098.4993
37098.6489
37107.3640
37120.3626
37123.7356
37129.7784
37165.0114
37206.1908
37209.2608
37209.4780
37209.4977
37213.8335
37215.4088
37220.8971
37223.5652
37225.5535
37231.5725
37355.9980
37362.4022
37371.9231
37373.6053
37377.3790
37378.6046
37385.2522
37394.6473
37409.9547
37417.0333
37427.7838
37430.1072
37436.2302
37438.3473
37446.5853
37463.4491
37477.7916
37517.6532
37530.3814
37535.1864
37550.8693
37553.2589
37565.5388
37565.5963
37568.7836
37576.6279
37592.0842
37596.0166
37605.8894
37614.3911
37629.9225
37659.9679
37711.8147
37711.8286
37715.5192
37715.6717
37716.3497
37720.2691
37737.7115
37747.9757
37752.1971
37760.0305
37760.2244
37762.6871
37772.5919
37774.4206
37803.3263
37815.6047
37834.0766
37849.8243
37858.5761
37869.1598
37876.4167
37882.3790
37885.7624
37893.8236
37895.8795
37928.6003
37932.4271
37932.6332
37932.7262
37942.1507
37942.9801
37944.2010
37947.8027
37948.2427
37949.8045
37957.0870
37959.6576
37959.7784
37960.8596
37964.4594
37964.8906
37969.3129
37970.2432
37970.6731
37974.4520
37976.5591
37978.8238
37987.7641
37997.8744
37999.7169
38000.2077
38000.4661
38000.5237
38001.1757
38002.9048
38003.1539
38004.4387
38007.7496
38009.9684
38010.7852
38011.6882
38014.1142
38016.0778
38016.1522
38020.4995
38022.4697
38024.2622
38027.5922
38034.3872
38049.1363
38063.1188
38065.3221
38066.0626
38068.0886
38079.0144
38080.7535
38095.4627
38098.4152
38101.4070
38101.6755
38111.3933
38115.5053
38128.8971
38143.3904
38167.7974
38175.1518
38181.0444
38187.9780
38196.3277
38197.4753
38202.4526
38202.8005
38203.3928
38204.1318
38206.3409
38210.7848
38212.8684
38216.4654
38217.0603
38228.9088
38234.7127
38245.4003
38259.5602
38306.9016
38337.1799
38364.3264
38377.6054
38386.2152
38389.8549
38392.3178
38398.4301
38402.9953
38428.8805
38517.8409
38575.5028
38595.0803
38598.6906
38600.5149
38629.1615
38634.7230
38638.6906
38640.7402
38651.2398
38651.3304
38654.0916
38657.5664
38664.6473
38668.0884
38672.4710
38683.3982
38684.6745
38693.3016
38693.3849
38700.5640
38709.3272
38747.4201
38758.5042
38763.4900
38766.3586
38777.7100
38787.8061
38793.1861
38800.1969
38800.2596
38835.0171
38840.1448
38885.2798
38887.1055
38899.1915
38902.7902
38910.7482
38912.4225
38917.9363
38933.1073
38935.5223
38940.1419
38948.0724
38950.4216
38981.0689
38985.8824
38990.8955
39009.0929
39021.0669
39024.1387
39027.1605
39032.6596
39037.1823
39041.8840
39044.6426
39051.7230
39065.7204
39069.0843
39070.6233
39072.0076
39074.4290
39089.1738
39095.1848
39095.9260
39103.0634
39107.8325
39114.2756
39130.1985
39130.3769
39157.8575
39164.2612
39164.8372
39180.0320
39183.9534
39184.5286
39190.6229
39195.8021
39223.8260
39264.9799
39278.3068
39283.7857
39308.5085
39312.8995
39318.3681
39319.1425
39321.0616
39321.2095
39328.2268
39329.4861
39333.1051
39336.4885
39347.1619
39347.5431
39349.1963
39351.3104
39354.5767
39379.4741
39393.2635
39395.3321
39418.6666
39486.9925
39488.6028
39511.1252
39512.4726
39525.9653
39540.2501
39548.0866
39556.6781
39566.0950
39575.7531
39587.2366
39594.2907
39609.0966
39609.3409
39610.7954
39611.6986
39617.5608
39627.7889
39633.3152
39638.8231
39669.8104
39672.3162
39677.9798
39683.2027
39714.2661
39730.3196
39736.6297
39765.7094
39771.7700
39776.8161
39783.2709
39784.7280
39790.8994
39797.0795
39797.7711
39797.7827
39798.6910
39799.3081
39801.6117
39802.2001
39817.7208
39831.0993
39832.6930
39832.9432
39833.0710
39834.5667
39836.0180
39838.0452
39840.5490
39843.4531
39843.9928
39844.0663
39845.7631
39846.3470
39853.7730
39858.2477
39859.0734
39859.2804
39859.4342
39867.0056
39870.3530
39872.3502
39872.6232
39876.7421
39879.5057
39882.1409
39883.6113
39888.4340
39890.0819
39890.7337
39893.8656
39941.9265
40061.2985
40069.9832
40086.5018
40106.9846
40116.4045
40120.0043
40120.1895
40123.9694
40131.6152
40135.1087
40135.3994
40137.6033
40139.6412
40151.0155
40157.9706
40175.0130
40192.0382
40195.2755
40198.4745
40203.6948
40220.4258
40227.1057
40227.9572
40228.1848
40229.4854
40232.4389
40240.9817
40241.2513
40268.3224
40268.5170
40274.2583
40278.6429
40279.0976
40301.5742
40309.8498
40310.6636
40311.5873
40319.1367
40334.6433
40343.4442
40344.7900
40348.4753
40356.3879
40360.1252
40365.1279
40388.9096
40394.2258
40394.3798
40395.4622
40399.9253
40404.2288
40408.9171
40409.3040
40409.6250
40416.1878
40430.0465
40432.7730
40440.6370
40445.2794
40447.6041
40454.5815
40466.7154
40467.5197
40485.5506
40485.9911
40495.3763
40518.7486
40525.3748
40529.3252
40553.2012
40554.5841
40555.0658
40561.7324
40571.3576
40573.5490
40574.0038
40579.4321
40585.7906
40586.1491
40602.4592
40619.8735
40621.9552
40645.5773
40670.7564
40690.9825
40736.8070
40738.2685
40741.8247
40767.4313
40767.9479
40776.6528
40782.7807
40790.1091
40792.1276
40805.8900
40808.4902
40813.3742
40834.2244
40834.4687
40838.2196
40839.4943
40840.9841
40851.4354
40852.4703
40853.7126
40854.0651
40855.6991
40856.7568
40859.0927
40861.9432
40864.6474
40865.3915
40869.2152
40869.3664
40871.6757
40872.0415
40872.0634
40872.2125
40872.4629
40873.0218
40876.1090
40876.1196
40876.2975
40876.5266
40878.2831
40879.3362
40882.2339
40883.4391
40883.8649
40886.0263
40886.1756
40887.5594
40887.8555
40892.8819
40892.9426
40897.8935
40899.5727
40899.8307
40899.8788
40902.9598
40904.8027
40908.4426
40909.6964
40912.8792
40913.1445
40916.3990
40917.6526
40917.8170
40917.9538
40919.2169
40920.5130
40930.7431
40931.7148
40932.4019
40938.5609
40941.9958
40945.2276
40951.6411
40954.9309
40960.8619
40964.4934
40968.8203
40969.3354
40970.1817
40976.7771
40981.6070
40983.4424
40984.1640
40988.3804
40988.4554
40999.2617
41006.5299
41027.6248
41028.1232
41036.5132
41049.3351
41059.5818
41085.7552
41104.3713
41124.9054
41129.6178
41143.0829
41145.2981
41148.9735
41149.5145
41152.5482
41168.2928
41174.7450
41188.3468
41189.5089
41189.7219
41194.5821
41212.6296
41218.2549
41307.3711
41371.3480
41381.3087
41385.5679
41390.5277
41395.2561
41397.3673
41399.9726
41401.8788
41404.0624
41404.5120
41408.7291
41415.2061
41424.9875
41427.4200
41428.4708
41431.2933
41431.9127
41432.2930
41448.4754
41452.2317
41461.9560
41464.4228
41466.9086
41469.5350
41471.7350
41486.3868
41494.7979
41499.3855
41503.4329
41503.8667
41515.1249
41516.6180
41522.0841
41526.0153
41528.4844
41529.1432
41529.4848
41529.6279
41530.1626
41531.4227
41531.8291
41539.3295
41547.7588
41547.8803
41563.4189
41564.3093
41567.0789
41570.0942
41570.2302
41576.6075
41582.4413
41582.6600
41583.5086
41586.7764
41587.1707
41599.0397
41599.1169
41602.4946
41606.8635
41617.8064
41627.1772
41671.1908
41676.3502
41706.2571
41710.9133
41716.8193
41726.8897
41729.2986
41732.3712
41733.4249
41743.4982
41746.1653
41756.1999
41789.7333
41794.6941
41795.5503
41799.0817
41802.7724
41805.6228
41806.8868
41808.1896
41811.6288
41813.9337
41815.4043
41816.7226
41820.2005
41825.4581
41831.9202
41833.3430
41846.4811
41863.2993
41871.9301
41874.8634
41917.4740
41970.9168
41990.1501
42001.4073
42017.0752
42027.9180
42037.6483
42059.3545
42112.3988
42187.2442
42192.3504
42198.4445
42272.3723
42283.0090
42285.0631
42292.0503
42326.7490
42333.9374
42335.6838
42336.0281
42343.3960
42346.1408
42348.7997
42355.7245
42358.5002
42369.2186
42370.5081
42370.6436
42374.5310
42374.8125
42378.5870
42380.4193
42383.3089
42383.5844
42387.5996
42392.6605
42394.2535
42394.7662
42403.7188
42407.5284
42407.9964
42420.7168
42427.2099
42427.2698
42433.5373
42435.6621
42435.9005
42437.1338
42437.4812
42438.0943
42445.8841
42446.5285
42447.0667
42447.9869
42448.1402
42448.4779
42450.0966
42452.2975
42452.5624
42454.1680
42455.0574
42455.7795
42458.4205
42459.8303
42461.7778
42487.5502
42519.7069
42529.5621
42534.5672
42536.1852
42537.9662
42539.4348
42539.5421
42549.6321
42550.7462
42561.3519
42561.7729
42563.2964
42570.3763
42573.2609
42581.0088
42664.3032
42671.5003
42679.7246
42689.2327
42690.5008
42710.0107
42727.8957
42732.2051
42738.1383
42749.6021
42754.3171
42768.4136
42774.8274
42780.6859
42782.6695
42808.2169
42813.7486
42828.5061
42828.7778
42833.6259
42836.9996
42838.1869
42838.2917
42838.6472
42844.7250
42844.7993
42845.3111
42848.3651
42849.3059
42850.5274
42853.1216
42854.9775
42855.2154
42856.2709
42856.7995
42861.7854
42862.1317
42863.7044
42866.9203
42873.9221
42877.4322
42879.9235
42882.5196
42883.7698
42921.5619
42922.1408
42922.8184
42923.4826
42923.9763
42924.6216
42927.0672
42934.8149
42939.5317
42941.1570
42957.8455
43005.5861
43019.1970
43027.2303
43031.2614
43037.4871
43042.1453
43044.8545
43047.0210
43048.6544
43051.6067
43059.6485
43065.6701
43072.2702
43088.0971
43091.5175
43095.8851
43095.9246
43096.2761
43111.5307
43113.1304
43127.5318
43128.9795
43135.3440
43136.9542
43137.1146
43139.8592
43141.6489
43141.9877
43142.3594
43143.1850
43144.3478
43144.4376
43153.0392
43156.7907
43156.9122
43159.0456
43161.1838
43162.7598
43164.1801
43165.8963
43169.4114
43169.8473
43170.5646
43172.8529
43177.6737
43181.8295
43187.7713
43187.8237
43197.9352
43202.3167
43210.5792
43212.5640
43218.2260
43218.3035
43218.7878
43230.0425
43235.3902
43236.6350
43240.8275
43244.8209
43245.8942
43252.1867
43254.9552
43258.9190
43260.6283
43268.0023
43272.6793
43279.8632
43280.5237
43289.8617
43291.7211
43294.9863
43316.4830
43317.7458
43320.0661
43322.5363
43322.5500
43328.0705
43328.1098
43328.5818
43331.2744
43335.0438
43336.6420
43339.7673
43346.3940
43348.3049
43348.6914
43351.5972
43353.4325
43358.0465
43361.1067
43362.5626
43362.9247
43363.2411
43363.5466
43364.3870
43367.0376
43372.1475
43375.0152
43378.8096
43388.5912
43388.9150
43390.0524
43391.5218
43399.3299
43400.2163
43409.8681
43432.5845
43433.4238
43433.5846
43433.6225
43434.6976
43435.2676
43437.1701
43449.6705
43450.7848
43452.8001
43453.7173
43454.0142
43459.4709
43470.1275
43473.0597
43480.1776
43481.7979
43489.3413
43500.6382
43500.8235
43503.3384
43506.8714
43511.3971
43534.1859
43538.6632
43542.6073
43547.7312
43548.2216
43550.8714
43552.8878
43560.3331
43561.6218
43604.0191
43612.0193
43613.6585
43618.9188
43620.5148
43638.6035
43649.5398
43719.7306
43763.2552
43782.7738
43788.5918
43800.5084
43801.1483
43803.8394
43813.0019
43823.2446
44015.7458
44025.3057
44027.9559
44038.0654
44047.5274
44051.0250
44058.2999
44060.1345
44063.6259
44064.3910
44066.9211
44067.0687
44070.8822
44087.3431
44087.4782
44109.3881
44118.3335
44118.6233
44124.7977
44128.7934
44129.0348
44132.5934
44138.3487
44141.4177
44142.3572
44146.6561
44146.9255
44150.4078
44153.2077
44153.3762
44154.5924
44166.8655
44168.0875
44168.2641
44169.5108
44180.5190
44182.0020
44184.7378
44186.1702
44186.8150
44189.8321
44192.3968
44193.3431
44194.2342
44195.5026
44205.0430
44205.8598
44219.1390
44229.1710
44231.4218
44233.9859
44236.5252
44239.7781
44241.1796
44243.6885
44244.2986
44244.3486
44245.6085
44250.0449
44253.9304
44261.6002
44264.2931
44272.3070
44273.3770
44279.9505
44282.8440
44283.8075
44285.3816
44285.3910
44286.2186
44288.2184
44295.6721
44301.2025
44308.2109
44309.6787
44312.0709
44313.8521
44314.1717
44317.1015
44317.9655
44321.7817
44321.8892
44321.9500
44334.5388
44335.8387
44337.1136
44339.0021
44342.5451
44342.8448
44352.6292
44353.3748
44359.2083
44364.2758
44371.0000
44382.7695
44384.2278
44384.8633
44387.1820
44394.7469
44396.2839
44402.2538
44405.3981
44407.0138
44443.6969
44445.3812
44446.0158
44464.6730
44473.1206
44476.4289
44481.8200
44487.1849
44487.7908
44488.4581
44488.4917
44492.3235
44497.5977
44504.9195
44507.3322
44517.7694
44534.7780
44535.8602
44561.6470
44588.1880
44599.2941
44607.2812
44616.8007
44617.3323
44621.0255
44623.9752
44627.5978
44650.9565
44658.6077
44659.1013
44661.9077
44662.0207
44666.0452
44669.4985
44669.8394
44675.4311
44691.8724
44704.3187
44710.4178
44712.4825
44726.4466
44726.4851
44727.0288
44729.2792
44735.7858
44736.1280
44737.4593
44737.4696
44740.2755
44745.5948
44746.1306
44750.3186
44752.5205
44772.8499
44774.3041
44789.0341
44796.7734
44808.9478
44815.3091
44824.6728
44856.8257
44950.2352
44955.9354
44965.7499
45049.7575
45090.3246
45102.0743
45118.7504
45144.6155
45152.6390
45153.5846
45172.9729
45188.1017
45190.8955
45201.7463
45204.5138
45214.9824
45224.3349
45226.3308
45229.8234
45233.6924
45234.0513
45239.3432
45244.8418
45247.1848
45255.8437
45378.0606
45387.5470
45390.5464
45398.1537
45414.4498
45415.2582
45432.4759
45435.9224
45439.0900
45441.0095
45442.9787
45446.9303
45450.0880
45452.4294
45457.9560
45461.9667
45462.6579
45495.4676
45500.1691
45512.1847
45513.0266
45514.8458
45542.5956
45543.1745
45555.4069
45555.9216
45556.9154
45558.1730
45561.6818
45563.3195
45565.3662
45566.0758
45574.1680
45580.3007
45589.5695
45614.0783
45643.4031
45697.8459
45697.8632
45701.5768
45707.9223
45708.4817
45726.8567
45730.6973
45746.1156
45747.4826
45749.2125
45752.5851
45755.6775
45845.2625
45845.5177
45852.9943
45853.1579
45857.0493
45857.4767
45859.0131
45860.6354
45864.6846
45866.2491
45868.0479
45878.0682
45972.9656
45980.8712
45987.0323
46168.7795
46304.5659
46309.0048
46336.3420
46337.4336
46342.8364
46343.8948
46344.2937
46347.2084
46361.3188
46361.8359
46362.0620
46371.6211
46371.8127
46377.4643
46381.2727
46385.0242
46386.2892
46386.3098
46403.7919
46429.3802
46438.0125
46505.9306
46581.1835
46606.9658
46607.6009
46621.8064
46628.1736
46633.8192
46636.3813
46637.9186
46651.8547
46655.9410
46661.3285
46681.3656
46692.0580
46823.7244
46843.5151
46899.2999
46899.3010
46901.0084
46914.7875
46917.5847
46920.3691
46921.9227
46931.5131
46974.7883
46981.9795
46985.4719
46995.9634
46996.2504
46998.8960
47007.7906
47023.7288
47027.6959
47028.1862
47031.3572
47035.8847
47038.8988
47042.7947
47043.3725
47048.8632
47065.5831
47083.7124
47083.8812
47084.7710
47088.6431
47092.3856
47111.0673
47113.6237
47114.8101
47129.7544
47134.9666
47166.6761
47171.7618
47179.1373
47188.1356
47215.7934
47222.6201
47252.8179
47283.1277
47290.3648
47316.3552
47328.6708
47342.0375
47348.4911
47348.5566
47350.1718
47350.9421
47354.0484
47376.6644
47384.3993
47396.8702
47407.6411
47412.2158
47412.8553
47412.9244
47422.4744
47426.5414
47426.7416
47427.9182
47431.4397
47431.7082
47431.7129
47434.2706
47434.4234
47435.3939
47441.0626
47441.0637
47441.6296
47442.8882
47443.0163
47447.3327
47448.4670
47459.5736
47462.0542
47476.3069
47478.3494
47485.2069
47487.2600
47489.0055
47489.7537
47506.3628
47508.4630
47520.9453
47596.7807
47597.6828
47626.3809
47671.3449
47687.9266
47688.1441
47694.4448
47704.7393
47705.6832
47705.9870
47709.5929
47709.9401
47716.6703
47718.4510
47726.2482
47736.8626
47737.5788
47739.1922
47745.6618
47754.6678
47772.0855
47773.1151
47778.9737
47779.3493
47779.5049
47784.0616
47785.8107
47787.1837
47796.0795
47796.4778
47799.7601
47802.6534
47804.2950
47804.9498
47813.8584
47825.4812
47828.3148
47829.9401
47836.3308
47839.3982
47844.3797
47846.9302
47880.4702
47896.9390
47899.5994
47927.7489
47934.0101
47951.1984
47992.5423
48016.2202
48028.3452
48030.9747
48043.6156
48049.1293
48056.5477
48057.9296
48059.7883
48061.6618
48072.3997
48075.3539
48111.0356
48115.8690
48118.2973
48121.9170
48123.7880
48129.8087
48136.3177
48140.9829
48146.3974
48150.5570
48157.6594
48167.7476
48173.4880
48178.5285
48181.7338
48184.9303
48186.0730
48207.5372
48212.4093
48215.3857
48218.5205
48230.0754
48247.5726
48251.2526
48270.2923
48273.2534
48375.3965
48389.7672
48409.4309
48410.2199
48453.4095
48453.5291
48457.3333
48461.4000
48462.9675
48470.3248
48473.7212
48475.5677
48475.9132
48482.7581
48501.8281
48516.4420
48563.8215
48566.4791
48570.1696
48573.2571
48602.8965
48621.4575
48624.1955
48633.1460
48646.1050
48649.5074
48650.3273
48653.3724
48660.2442
48663.5516
48663.6104
48664.6851
48665.8336
48665.9237
48665.9600
48672.4560
48672.9712
48678.4187
48680.1769
48681.6149
48686.6801
48689.6782
48695.3398
48695.8995
48700.8165
48704.9549
48709.4067
48709.9885
48719.6843
48721.3420
48723.3328
48731.1607
48734.2093
48819.3455
48826.6332
48830.0488
48830.2285
48837.0597
48841.5367
48846.8236
48847.6478
48855.6261
48856.5516
48861.3811
49028.6100
49032.0659
49033.8404
49049.0009
49056.3440
49213.4225
49219.5326
49226.6492
49231.4881
49234.5311
49235.2036
49236.2546
49243.6201
49246.2725
49249.3607
49251.0587
49251.8102
49252.7346
49256.4515
49261.7529
49267.0827
49270.0277
49272.6362
49278.4744
49281.0112
49281.8434
49282.0822
49286.1339
49286.3872
49290.7531
49292.4516
49292.8763
49297.2781
49299.6971
49299.7900
49305.7376
49309.6565
49312.1342
49313.0632
49314.5543
49318.7924
49323.6065
49323.8689
49324.2367
49324.5261
49329.0562
49334.5721
49337.3422
49344.0665
49346.3399
49346.3789
49347.9188
49348.5313
49350.3952
49353.3655
49355.6210
49358.0483
49359.8301
49360.8739
49362.6037
49365.0600
49381.8219
49388.7533
49389.5402
49391.9593
49414.1874
49432.5223
49451.4108
49452.7504
49461.7028
49469.1549
49472.1136
49475.0139
49479.7990
49479.8386
49484.1505
49484.6350
49484.8400
49485.7767
49490.3093
49506.6555
49510.1223
49511.5187
49512.4229
49512.4567
49514.3942
49515.1658
49516.4090
49518.2049
49518.6211
49521.4907
49525.5833
49526.9846
49527.0172
49527.4953
49533.1448
49562.3255
49564.0308
49569.5010
49591.3097
49730.0943
49767.6456
49778.7046
49820.6265
49851.5842
49938.0908
49953.2713
49955.5354
49956.8330
49966.5159
49974.9386
50336.2274
50336.6492
50380.9801
50387.2536
50391.5285
50405.3100
50408.5398
50412.6976
50424.1937
50441.4018
50443.0653
50448.6825
50554.5622
50569.3469
50572.9813
50575.2505
50580.5832
50580.7611
50596.3401
50597.8257
50599.2008
50604.0492
50615.4892
50616.3956
50624.0166
50627.9317
50636.9970
50640.2596
50642.2034
50651.8249
50652.0365
50662.1213
50683.2414
50685.4676
50686.6926
50687.9194
50690.1756
50691.4064
50693.8045
50713.5467
50744.7150
50754.3511
50757.7184
50769.4953
50769.5020
50781.3683
50784.5257
50785.3687
50800.4593
50806.6035
50806.6281
50807.0127
50807.9072
50817.0502
50824.5808
50825.3808
50827.6322
50828.9442
50832.8860
50839.7865
50840.6587
50843.5177
50845.6110
50849.4582
50856.7169
50877.2920
50881.3965
50884.8355
50889.5811
50897.4880
50904.2026
50905.2211
50906.3401
50909.7921
50911.7951
50912.3292
50912.4349
50920.7002
50921.5694
50926.8483
50928.0497
50928.6733
50932.1693
50934.8253
50934.8732
50943.7150
50945.2980
50951.3131
50951.4683
50952.0092
50954.5870
50959.3981
50961.9173
50967.5719
50970.9422
50973.7331
50983.3952
50990.5688
50993.4966
51002.4597
51011.7119
51012.8035
51014.7586
51030.4034
51031.8273
51047.2700
51048.7585
51049.4866
51055.1701
51061.6403
51065.8205
51068.4323
51071.1132
51075.0790
51076.3833
51080.7151
51084.9950
51095.0896
51101.2082
51102.4405
51103.5917
51105.0740
51105.6987
51107.5758
51107.9265
51108.3061
51109.7711
51110.6355
51118.1539
51121.0079
51124.9668
51131.0311
51132.4808
51135.9626
51142.6557
51158.2614
51160.1730
51163.6616
51167.6662
51168.4358
51169.1440
51173.4862
51180.4440
51181.0173
51189.6388
51192.8263
51204.4128
51206.7251
51207.3869
51218.0018
51221.0007
51227.3616
51231.3998
51268.1464
51269.4010
51272.5758
51273.5235
51281.2376
51282.1034
51284.6733
51285.7572
51290.3569
51299.4667
51308.2497
51320.5420
51320.6838
51328.1402
51363.7090
51368.1187
51374.0871
51414.3313
51419.9576
51431.2654
51436.1959
51437.2352
51445.6851
51462.0866
51481.9433
51488.7092
51492.7024
51493.4590
51505.3377
51511.7653
51514.5247
51531.5768
51532.8109
51533.5658
51540.0765
51563.3693
51564.6530
51565.5548
51578.4066
51579.1947
51580.9667
51582.5076
51596.1105
51603.9586
51608.5901
51614.8042
51616.1814
51617.1847
51618.4489
51640.1458
51642.8669
51649.4032
51651.3314
51651.7859
51653.2462
51653.4298
51654.2847
51656.6897
51656.9029
51659.4833
51663.1093
51663.5515
51668.4156
51669.5287
51673.4641
51685.5719
51687.9809
51690.7440
51697.4962
51699.0910
51703.7794
51716.6930
51720.8064
51732.5499
51735.6638
51745.5855
51747.1255
51752.9349
51754.2670
51785.1497
51793.4751
51800.2566
51804.1923
51805.1204
51806.2059
51807.9918
51823.8862
51840.7171
51847.2934
51848.3953
51848.5383
51856.3226
51858.0636
51884.6749
51892.0594
51894.9065
51897.6260
51905.9026
51909.2447
51909.6516
51916.4309
51932.0046
51936.0102
51957.1465
51957.3262
51957.9557
51959.9894
51960.2881
51961.1257
51963.2281
51964.3548
51968.8637
51974.2036
51981.2053
51998.6997
52027.0469
52027.5089
52029.5812
52032.4809
52041.8404
52042.2261
52046.8007
52063.9021
52064.3418
52069.6529
52075.6098
52076.6924
52078.6324
52082.6886
52088.5399
52091.6678
52103.7916
52112.7152
52121.6673
52121.6920
52123.5600
52145.6577
52152.5748
52160.5997
52175.4342
52175.6303
52179.6277
52185.2192
52187.4218
52191.9921
52193.4919
52194.1604
52195.2948
52196.2848
52197.3170
52199.4221
52201.1623
52202.3035
52203.0955
52204.4962
52206.1520
52210.4415
52212.8574
52216.3209
52217.1927
52230.3330
52246.0804
52254.2735
52265.2033
52267.1336
52268.0782
52269.8109
52282.0284
52292.4231
52293.3880
52297.9053
52299.2656
52299.8517
52304.4764
52305.4873
52305.7506
52305.7565
52306.4732
52306.9339
52309.8903
52309.8916
52310.7771
52311.9026
52314.2626
52318.5265
52321.7875
52326.5413
52328.5283
52329.6726
52332.2759
52334.3438
52335.0269
52339.5645
52341.6810
52349.5473
52359.6273
52361.7422
52365.2093
52371.0645
52378.4840
52379.7321
52386.5287
52387.7673
52396.3834
52406.2979
52410.5410
52413.3128
52415.2970
52420.3254
52421.3175
52423.7815
52425.8261
52435.5714
52435.7792
52438.9313
52442.7725
52450.6111
52485.1693
52497.5152
52517.6187
52526.7876
52526.9540
52538.2864
52547.2270
52555.9748
52558.3700
52559.6704
52563.9927
52567.6314
52567.9573
52581.8962
52582.0476
52586.3307
52591.1197
52602.1033
52614.5380
52624.9898
52634.1175
52638.6236
52640.7099
52641.8040
52665.1398
52681.0834
52681.0924
52747.7909
52748.4540
52763.6259
52767.5708
52767.6192
52767.9344
52769.4932
52787.4301
52794.5542
52798.3934
52808.2141
52811.4536
52817.2480
52819.1469
52825.6164
52825.9705
52826.5281
52828.2522
52829.3151
52835.7957
52839.2619
52848.4967
52850.1173
52850.9730
52854.2349
52856.3443
52857.8343
52859.8795
52866.6620
52867.1808
52875.6851
52876.7527
52880.0088
52887.2527
52888.0948
52891.4406
52898.8467
52902.0670
52906.9104
52908.4617
52914.0589
52918.1183
52918.4246
52930.8529
52935.2289
52935.7666
52939.8890
52966.2644
52968.6907
52968.9559
52969.8336
52977.1015
52977.9772
52980.9771
52983.0136
52985.8897
52986.8886
52989.6658
52991.9686
52993.2982
52994.3298
52995.7265
52998.0837
52998.4221
52999.1224
52999.2367
53001.8583
53001.9895
53002.6217
53005.0796
53007.5978
53009.2863
53010.2650
53013.3148
53017.5087
53018.8708
53019.0313
53019.0939
53021.5148
53021.5273
53021.8164
53021.9035
53026.5553
53030.2987
53030.7794
53034.1578
53041.3467
53050.6256
53056.9620
53065.3543
53079.8153
53083.6703
53089.0941
53090.7327
53095.0176
53095.2843
53097.0243
53132.9794
53139.2549
53144.9775
53147.4505
53156.8605
53168.8435
53172.9577
53185.1553
53187.2507
53190.6962
53204.8113
53210.5066
53228.0075
53233.0122
53234.9111
53291.6426
53301.9241
53302.1026
53303.4201
53324.9010
53326.8196
53342.3308
53343.7437
53348.7009
53351.6879
53353.4128
53357.3155
53357.7056
53358.4152
53359.7906
53365.4826
53366.9302
53370.0068
53378.1088
53382.0892
53392.1385
53393.3878
53398.4465
53398.6986
53405.8455
53407.2658
53415.2450
53420.3631
53423.1551
53447.1518
53459.5642
53469.1158
53481.9641
53489.9843
53497.8555
53522.0637
53542.3256
53549.5133
53577.9454
53584.3956
53627.1165
53631.0652
53634.9981
53638.5879
53638.6355
53640.3661
53643.1327
53647.1288
53647.3654
53648.4773
53649.4273
53649.4486
53652.4763
53653.0095
53654.2008
53655.4859
53655.9204
53657.4442
53657.7062
53658.0459
53658.5594
53660.4916
53660.5584
53660.5778
53660.7046
53662.9724
53664.0835
53671.2117
53671.7900
53672.2574
53672.8000
53674.8242
53675.8109
53679.6425
53680.6735
53681.9375
53682.6880
53684.2686
53687.0857
53687.3874
53688.7219
53688.9573
53689.1956
53689.8851
53691.9316
53694.3569
53695.3553
53696.4810
53702.4589
53702.4830
53703.4393
53703.6211
53707.4010
53709.7148
53711.4281
53712.8171
53716.3432
53716.8722
53717.7707
53720.7542
53723.1443
53723.1489
53724.0568
53726.7251
53727.5423
53728.8530
53729.0740
53729.7714
53730.2306
53731.4041
53731.5765
53731.7792
53731.8008
53731.9370
53732.5774
53735.1753
53739.7151
53740.5664
53743.1732
53746.7578
53746.8799
53748.4402
53756.3179
53756.8509
53758.0915
53759.9391
53761.8075
53762.5725
53763.0114
53766.2850
53768.9690
53769.0326
53772.6903
53777.5396
53780.5343
53784.9764
53786.3542
53790.5826
53790.6975
53791.1575
53801.3779
53802.7803
53803.6899
53813.1609
53815.3635
53818.6571
53825.7573
53830.4445
53834.2967
53849.9086
53853.3942
53858.4661
53863.7029
53875.5465
53875.7335
53879.2366
53879.7085
53884.7593
53886.3592
53888.2375
53892.9226
53892.9986
53894.3742
53897.1460
53901.3621
53901.8966
53909.5042
53914.8984
53920.0225
53921.1110
53924.3692
53933.7789
53949.8681
53950.0009
53962.4703
53966.1839
53970.5050
53981.7388
53991.5811
54027.2059
54027.4940
54040.3673
54058.2017
54071.1965
54085.7784
54101.6707
54119.0100
54122.1502
54126.2182
54140.2252
54153.8934
54158.3378
54158.9242
54159.3869
54166.8396
54175.1077
54189.9943
54190.3039
54193.1990
54193.6647
54194.3389
54195.4933
54196.8069
54201.7503
54206.9411
54209.8510
54210.9847
54211.0365
54214.0789
54220.7196
54224.0534
54228.5229
54229.1723
54231.3403
54231.5226
54232.4117
54234.0924
54235.6627
54235.8635
54236.2441
54241.2246
54242.4812
54246.7326
54247.1258
54255.0256
54256.2438
54262.3809
54267.7524
54269.4863
54269.5895
54269.7017
54271.8546
54272.5148
54273.8268
54275.0470
54276.7471
54276.8165
54277.6921
54280.7731
54281.2129
54283.7054
54284.9571
54287.5898
54287.6592
54291.3204
54291.3980
54292.3345
54296.1750
54297.7258
54306.2318
54309.0658
54311.9147
54315.3323
54318.1389
54320.6082
54322.0012
54323.5282
54326.1685
54334.1881
54343.3655
54367.9652
54382.4428
54384.6950
54386.7321
54387.6263
54388.3181
54388.6219
54392.5984
54395.5930
54396.6017
54398.2515
54399.2031
54405.5599
54408.7963
54417.4537
54420.1306
54421.6389
54422.1924
54426.5402
54427.6891
54430.0722
54430.3873
54439.6590
54447.2099
54448.6883
54450.0379
54460.2244
54460.4222
54465.7484
54474.4517
54476.8892
54513.2136
54516.9854
54522.4462
54536.5020
54551.0819
54556.6399
54560.3607
54563.0262
54564.8812
54566.6929
54567.6565
54572.5917
54577.7911
54583.0519
54589.8628
54592.7107
54598.7265
54600.5643
54607.1686
54608.6149
54609.1244
54612.2382
54633.3685
54640.0996
54643.5175
54653.7986
54658.2694
54687.1612
54693.6182
54694.2320
54695.4014
54697.6696
54698.1530
54699.8675
54701.4442
54701.9130
54702.1200
54702.3278
54705.5352
54710.5079
54712.3869
54718.1942
54719.4820
54726.8096
54727.1716
54728.9544
54729.6163
54779.1327
54812.0512
54814.4592
54815.6803
54833.7972
54837.2552
54891.3103
54895.3246
54905.0556
54932.2637
54943.9549
54984.0640
55071.2932
55084.7000
55102.7969
55104.2707
55131.2162
55137.6705
55151.5703
55151.6066
55159.2160
55175.2668
55187.2993
55192.1488
55197.4125
55215.0541
55229.5792
55249.1568
55253.1643
55262.4920
55266.0503
55268.1259
55271.1698
55276.9789
55280.7053
55282.0505
55283.7448
55285.5103
55295.9464
55297.1020
55302.3963
55303.3745
55304.0122
55304.4396
55312.8392
55328.1366
55342.6400
55351.2686
55353.6814
55353.7110
55354.0242
55370.9663
55378.6466
55379.8730
55379.9253
55392.1749
55412.3366
55418.0040
55429.5137
55440.4910
55442.5601
55447.9203
55451.9696
55452.3399
55457.1878
55464.1080
55469.6805
55486.5948
55489.4138
55493.4409
55519.4575
55524.1306
55533.3143
55586.9457
55604.5683
55752.1937
55756.1212
55761.0213
55766.4362
55769.2485
55774.8709
55775.0851
55785.8417
55791.2811
55798.4202
55803.4744
55817.4372
55826.8340
55835.9161
55840.5440
55840.9554
55853.0109
55855.6818
55863.6925
55864.3908
55867.7007
55876.0437
55881.3858
55900.9834
55906.3557
55913.3150
55917.7155
55921.2954
55923.6617
55940.7428
55944.0204
55964.5890
55970.5214
55977.9345
55981.5541
55986.0212
55987.4287
56002.1674
56031.8477
56037.4868
56055.1241
56055.4973
56057.0309
56057.8400
56062.8422
56073.5583
56079.7019
56098.1995
56104.9645
56113.1746
56113.9480
56116.8675
56121.1511
56150.3356
56159.0910
56175.4039
56277.8002
56285.9068
56339.8123
56381.4332
56389.9395
56415.7465
56459.6970
56462.5953
56468.1090
56487.0776
56534.6506
56545.4434
56550.8942
56555.1528
56564.5505
56566.0544
56571.0692
56571.8276
56581.4424
56583.5764
56587.5747
56593.2936
56596.8434
56620.3607
56621.0162
56621.7118
56634.8746
56638.2955
56639.7533
56640.8585
56642.5190
56642.5264
56643.0576
56653.5838
56655.3859
56661.7407
56668.9762
56670.0760
56670.3183
56674.8458
56677.0289
56678.6785
56691.6247
56692.3755
56696.2284
56697.6512
56698.7407
56699.6564
56711.5547
56747.5226
56757.7027
56780.4703
56790.7692
56831.1246
56832.8852
56853.9157
56857.2064
56951.0964
56959.1164
56984.8447
56995.4938
57002.8887
57009.0852
57009.2474
57019.8626
57021.9239
57028.8721
57029.5627
57034.4171
57040.6216
57048.8163
57050.4528
57052.4787
57052.6813
57053.0433
57054.2188
57055.6394
57065.5963
57080.2975
57081.0601
57089.6890
57090.6075
57090.8596
57103.9825
57107.2353
57110.1819
57113.9141
57114.7818
57122.1264
57126.8924
57129.1947
57131.2412
57133.4482
57148.0552
57149.9052
57150.7551
57156.3931
57159.7474
57159.9064
57171.3941
57173.3150
57175.4312
57177.1715
57202.4507
57225.0881
57232.9928
57278.1504
57279.2460
57323.9457
57363.9161
57374.6141
57394.7147
57412.6539
57450.2860
57472.9961
57527.2605
57541.8793
57558.5237
57567.9738
57585.2223
57587.0899
57587.3996
57590.2365
57590.7655
57591.0187
57592.0390
57592.7028
57598.2941
57600.1564
57601.0318
57603.5492
57603.9205
57607.5022
57609.2151
57612.2247
57617.5082
57626.1588
57639.2238
57641.1858
57644.3461
57650.3445
57657.9879
57664.2159
57667.2916
57672.2317
57675.5257
57677.4767
57682.3704
57684.9279
57691.9456
57692.8116
57694.7155
57712.3760
57776.8190
57819.9157
57829.7422
57878.6449
57897.3790
57898.5681
57912.9999
57942.8272
57970.2514
57982.8507
57990.0070
58013.3268
58019.4781
58020.5126
58021.5877
58021.6561
58023.9525
58025.8014
58030.0448
58033.3339
58036.2303
58038.9769
58061.6934
58062.3387
58065.2400
58089.6547
58099.1054
58112.7996
58113.8870
58121.1352
58121.1749
58125.0074
58131.0485
58192.3752
58208.3531
58224.8397
58244.1197
58259.3154
58309.8088
58309.8228
58326.2660
58390.3801
58406.3141
58407.1075
58474.7650
58492.3086
58534.7988
58540.1594
58690.4029
58716.6473
58755.2469
58760.9255
58789.4933
58996.0860
59010.7548
59018.6012
59027.6748
59028.7394
59041.4365
59049.1617
59062.0200
59069.6759
59092.5390
59132.2693
59160.2743
59166.1064
59172.6522
59181.1809
59202.7269
59218.1703
59235.0711
59242.7296
59252.2079
59289.0833
59290.2326
59296.9502
59297.4203
59299.8436
59304.0583
59322.1500
59327.5784
59341.5160
59393.6139
59397.5951
59400.0352
59414.0583
59468.6157
59481.0471
59502.7930
59507.9265
59596.1405
59617.8568
59627.2255
59639.0526
59662.0988
59663.0460
59663.6082
59695.5587
59699.0583
59720.6204
59760.6506
59767.8502
59796.0680
59817.2906
59846.1336
59846.8640
59924.0410
59950.1323
59960.3695
59984.7058
59996.2709
60088.4801
60093.3845
60102.0318
60132.3443
60176.2975
60237.0320
60238.1319
60244.7149
60267.8000
60306.3604
60399.8869
60400.4494
60447.2922
60457.7703
60457.9590
60488.5454
60494.3191
60496.0374
60512.8726
60519.0610
60535.8286
60535.9812
60626.7407
60718.0889
60721.5525
60724.9946
60753.0542
62334.7146
62351.3217
62409.7528
62419.8375
62503.5647
62518.3516
62545.1097
62570.4425
62574.1290
62590.7380
62644.1677
62666.0750
63123.5637
63187.8269
63190.5669
63214.9784
63243.2629
64242.4591
64310.0373
64314.4033
64315.1643
64325.5291
64644.7040
64658.0707
64684.5423
64724.8343
64751.8636
64791.8742
64824.9462
64937.5375
64951.8823
64970.7184
64976.7495
64987.7694
65027.7661
65274.0314
65288.6054
65302.3517
65335.1858
65415.8031
65552.3038
65735.2403
65744.0983
65744.1678
65746.3206
65848.0628
65853.0176
65898.7550
65912.9844
65916.1901
65937.9755
65986.2309
65991.1084
66009.7903
66012.0717
66041.7045
66058.7266
66061.2309
66105.2252
66123.3109
66126.8893
66127.1470
66151.4444
66214.5499
66663.6463
66778.0212
66817.1924
66833.0389
66907.0474
66916.0241
66922.0427
66931.5586
66938.5819
66971.1546
67012.1605
67013.6837
67015.4585
67023.3444
67046.6646
67062.3005
67395.5244
67412.2998
67419.7879
67448.8052
67449.1094
67469.8200
67509.7834
67550.1861
67839.5961
67873.0525
67893.8303
67928.4852
67933.5551
67944.5954
67988.5700
67989.4588
68011.5744
68037.6863
68068.1756
68089.1772
68095.4193
68247.4689
68247.7686
68258.9918
68281.7834
68304.1661
68329.8085
68556.7710
68585.0471
68602.4005
68606.7116
68610.1871
68620.8557
68654.8094
68710.1334
68932.5742
68990.4053
69009.9803
69034.1443
69099.1544
69102.5990
69132.2787
69132.4917
69159.7131
69188.9708
69214.5118
69266.6513
69430.3377
69434.1473
69500.6627
69503.2415
69539.2928
69539.8635
69576.3837
69597.4031
69605.3552
69678.3727
69685.1329
69792.0742
69796.0054
69811.6784
69852.3258
69873.2285
69873.4217
69882.8687
69947.0868
69965.8298
69998.1514
70055.2489
70075.9225
70131.7086
70156.5676
70203.2683
70204.7798
70217.1974
70220.6126
70264.4288
70340.1432
70356.4948
70382.4601
70403.1948
70433.8217
70514.3395
70528.1874
70531.3729
70788.9938
70831.3531
70837.7413
70864.8663
70876.0675
70923.0033
70960.9023
70968.8704
70986.3398
70990.7073
71003.6618
71024.2527
71051.2127
71068.4085
71069.8945
71147.7511
71152.0004
71206.1405
71207.1423
71296.1740
71304.9533
71334.2648
71356.6830
71371.6528
71386.6397
71389.4577
71411.0589
71501.4091
71508.7972
71593.4035
71598.5907
71613.1668
71639.0175
71680.8691
71726.8621
71822.9378
71833.8669
71838.3701
71849.5764
71886.7414
71934.6503
71947.4147
71954.2292
71977.8583
71978.0185
71989.9930
72027.1024
72045.0614
72079.0860
72161.2815
72271.9343
72279.5188
72301.0639
72506.3109
72511.6330
72671.5011
72739.3784
72762.1114
72763.9797
72769.7522
72804.7773
72826.3808
72836.3888
72931.5883
73008.7951
73213.9163
73221.0624
73239.1618
73298.6883
73308.3846
73309.9641
73714.2592
74716.8661
74717.0274
74729.9475
74730.8682
74760.6861
74867.5759
74876.6050
74903.0354
74925.7650
74935.3534
74946.2912
74958.3085
74969.7781
74993.4666
75003.8752
75018.4229
75018.4398
75018.7571
75020.0542
75048.3709
75049.0028
75077.8074
75085.9090
75102.3468
75119.0008
75147.8123
75180.3672
75196.7523
75206.7561
75206.8932
75230.0257
75253.5768
75263.8352
75310.0176
75319.3538
75324.9869
75327.6256
75362.9962
75379.4891
75403.7089
75407.5859
75413.9125
75421.5559
75433.3777
75448.3349
75532.5031
75547.3693
75812.3589
75827.0758
75872.0381
75889.8549
75909.3081
75917.3073
75964.7684
75970.1394
75978.1454
75985.9730
76009.0699
76017.8768
76119.5904
76241.6990
76978.0645
77206.7063
77214.3403
77235.1365
77265.7573
77267.8505
77283.0600
77322.7714
77326.2126
77328.4779
77332.5192
77355.4934
77414.2813
77461.1583
77519.5500
77538.9645
77546.9931
77557.9585
77558.1416
77588.4940
77592.3823
77633.6375
77636.7732
77641.9503
77653.2236
77675.5660
77684.5863
77702.1811
77763.1718
77763.4882
77887.8193
77924.5335
77943.8089
77972.3541
78107.8879
78129.5212
78462.5431
78517.0809
78519.6389
78595.7020
78649.8182
78663.1468
78687.9442
78717.5512
78734.1574
78737.3187
78752.9607
78776.4991
78779.8678
78795.0276
78817.1513
78831.7355
78833.9620
78890.1837
78902.2365
78920.1430
78930.4008
79000.2218
79012.5404
79464.1152
79502.8018
80035.1176
80035.1364
80035.6175
80059.2743
80062.5709
80070.0619
80121.4044
80121.5533
80124.5920
80127.3589
80155.1515
80166.6827
80175.3677
80189.6663
80215.8711
80548.7066
80605.3810
80665.2314
80686.8862
80698.4000
80700.0803
80701.2120
80728.3735
80737.8825
80767.3812
80832.4258
80864.5487
80878.2137
80911.3723
80912.5440
80950.9039
81020.1825
81040.8527
81101.2552
81193.1908
81214.2611
81268.7570
81305.0344
81317.9531
81339.1773
81382.6844
81397.1495
81397.2816
81408.8869
81429.9826
81487.7776
81526.3889
81535.8773
81542.3019
81575.1986
81604.3554
81606.7941
81614.7272
81621.8432
81627.2539
81630.6484
81639.9025
81651.0749
81661.4508
81675.2003
81746.9263
81808.2752
81839.5686
81841.7736
81879.1468
81884.5113
81896.4012
81926.7292
81942.0541
81956.2934
81965.0061
81971.5813
82415.6411
82428.3823
82428.6668
82445.1715
82449.2685
82789.5960
82799.1151
82802.2693
82883.7782
82890.8742
82893.9640
82896.0478
82972.7785
82977.2025
83024.3220
83043.0573
83043.6364
83082.2672
83084.4941
83473.7553
83614.4644
83654.5092
83942.2404
83972.3614
83983.4062
84013.5310
84024.2811
84030.3046
84239.7077
84245.6475
84261.0069
84303.3706
84326.8177
84354.8945
84433.0297
84497.5049
84573.2689
84617.7817
84634.8950
84661.1337
84685.4203
84704.5685
84739.2796
84806.7324
84822.5394
84834.3310
84878.4091
84882.6593
84903.5723
84969.0727
85014.2901
85042.8860
85080.3528
85134.8981
85147.1194
85186.5980
85287.5161
85317.2103
85354.3934
85367.8702
85369.9744
85380.2364
85390.8287
85416.4455
85472.8948
85473.7317
85474.1027
85551.2581
85565.5666
85574.0672
85653.5204
85664.9668
85739.9221
85747.2839
85763.1865
85768.4080
85799.8066
85807.1613
85808.2539
85878.2686
85879.8574
85883.1808
85892.7400
85955.6284
86012.6432
86432.3618
86434.5566
86450.6687
86492.8176
86517.5573
86535.6639
87079.8702
87106.6533
87139.7843
87165.8223
87535.7436
87591.8582
87595.3173
87600.6546
87618.5042
87619.3957
87728.8032
87733.0702
87739.1483
87739.8047
87782.5219
87835.6789
87926.1491
88018.1515
88060.4733
88108.9292
88117.0489
88124.2501
88149.2788
88190.7927
88209.1383
88238.5477
88262.9943
88293.3098
88331.8120
88345.2694
88355.6806
88364.2528
88365.2499
88383.8534
88447.4335
88448.8016
88689.0232
88693.0382
88710.1837
88750.2326
88781.1967
88800.7979
88810.9240
88828.9719
88841.2217
88898.3400
88917.1299
88938.1868
88958.8148
89028.7646
89035.3392
89059.8472
89073.9584
89179.4737
89190.5433
89195.6220
89238.1822
89291.5891
89292.0336
89325.6826
89424.9087
89430.9406
89506.9738
89516.4376
89697.0394
89745.3859
89754.0412
89944.7301
89948.1796
90056.2272
90095.2748
90856.6763
90868.1642
90912.1434
90948.6808
90992.1787
90997.4340
91222.5298
91229.6931
91236.0106
91250.0114
91291.0578
91304.0009
91305.9209
91312.4678
91381.6123
91387.8372
91402.8394
91441.9539
91533.3474
91554.6439
91615.5709
91620.2275
91626.2002
91629.2601
91677.6667
91711.9011
91722.2083
91816.5259
91828.5095
91845.0021
91854.0160
91865.9632
91893.9593
91981.1143
92000.2670
92004.5915
92005.7131
92008.5226
92143.5868
92153.1028
92167.5260
92169.0193
92212.7437
92214.5775
92329.6559
92780.2751
92876.0992
92942.5346
92947.3939
93018.2941
93056.5540
93067.6678
93118.0858
93192.6276
93225.3939
93236.1562
93260.1007
93482.0591
93488.6192
93552.1867
93559.6759
93571.1743
93605.5324
93613.0529
93804.8852
93846.6417
93903.3022
93953.2121
93977.7754
94020.0629
94386.8143
94399.6815
94436.5099
94440.9995
94454.7938
94473.7127
94518.2398
94588.7682
94601.5640
94621.9889
94664.6820
94673.9387
94687.7886
94689.8497
94690.2907
94719.1075
94733.1808
94893.1054
94946.4630
94989.3383
94990.4180
94990.7804
94991.5643
95042.1970
95311.0358
95339.1887
95344.9938
95346.8763
95357.4517
95384.8771
95414.8475
95440.9179
95472.6554
95516.0260
95580.1334
96239.1287
96251.2191
96252.8800
96265.0046
96276.7202
96299.9870
96333.2214
96403.0784
96519.1714
96520.8634
96593.2034
96605.1884
96619.5368
96621.7412
96628.6438
96632.0073
96635.3573
96674.3778
96697.7693
96732.5003
96746.0117
96768.9920
96780.4694
97027.0096
97069.7828
97523.9114
97524.6891
97555.7408
97578.7569
97635.4489
97646.1864
97655.5505
97681.2444
97683.8302
97693.7720
97701.7889
97715.8813
97729.6725
97840.7169
97843.3576
97854.6160
97895.6012
97954.2020
98024.1310
98094.2765
98106.5596
98152.6010
98157.9125
98163.0000
98170.8272
98183.4371
98186.9146
98199.1587
98210.6991
98362.7994
98378.5949
98384.4819
98424.4847
98437.0595
98508.3674
98518.8776
98525.7565
98526.2725
98527.6171
98532.2262
98540.7945
98543.7901
98545.0869
98549.9236
98623.1259
98623.5659
98650.8512
98656.9795
98732.3073
98738.1406
98746.0187
99161.3044
99167.2973
99187.1539
99231.9250
99264.7729
99277.4777
99309.6924
99311.4995
99329.4928
99332.4007
99339.6964
99391.8511
99396.7710
99426.3097
99436.4092
99438.0624
99495.9473
99504.9875
