1956	0	1335.2326	2649.9635	327.76158163286186	5267.1974040938785	7274.404169832248	8687.291882155545	0.19554830501060538
10.0100
10.0100
10.0100
10.0100
10.0100
10.0100
10.0100
10.0100
10.0100
10.0100
10.0100
10.0100
10.0100
10.0100
10.0100
10.0100
10.0100
10.0100
10.0100
10.0100
10.0100
10.0100
10.0100
10.0100
10.0100
10.0100
10.0100
10.0100
10.0100
10.0100
10.0100
10.0100
10.0100
10.0100
10.0100
10.0100
10.0100
10.0100
10.0100
10.0100
10.0100
10.0100
10.0100
10.0100
10.0100
10.0100
10.0100
10.0100
10.0100
10.0100
10.0100
10.0100
10.0100
10.0100
10.0100
10.0100
10.0100
10.0100
10.0100
10.0100
10.0100
10.0100
10.0100
10.0100
10.0100
10.0100
10.0100
10.0100
10.0100
10.0100
10.0100
10.0100
10.0100
10.0100
10.0100
10.0100
10.0100
10.0100
10.0100
10.0100
10.0100
10.0100
10.0100
10.0100
10.0100
10.0100
10.0100
10.0100
10.0100
10.0100
10.0100
10.0100
10.0100
10.0100
10.0100
10.0100
10.0100
10.0100
10.0100
10.0100
10.0100
10.0100
10.0100
10.0100
10.0100
10.0100
10.0100
10.0100
10.0100
10.0200
10.0300
10.6421
10.7316
10.9598
11.1201
11.4199
11.6319
11.6354
11.6417
11.7640
12.0905
12.0994
12.2348
12.3395
12.3525
12.3570
12.5558
12.6026
12.7481
13.3261
13.5326
13.7494
13.7779
14.0772
14.3155
14.4005
14.4346
14.4533
14.4796
14.7029
14.7368
14.9197
14.9389
15.0108
15.0786
15.2733
15.3205
15.6702
15.9800
16.1267
16.1346
16.3390
16.3744
16.3957
16.6561
16.8008
16.9522
17.1332
17.1466
17.6015
17.7269
17.7294
17.7877
17.8361
18.0155
18.0832
18.1389
18.1468
18.2744
18.3827
18.4318
18.4659
18.6609
18.8284
18.8395
18.8659
19.3953
19.4672
19.6859
19.7248
19.9762
20.0123
20.4011
21.2138
21.5069
21.6203
21.7746
22.0472
22.0929
22.2134
22.4609
24.1765
24.3604
24.5660
25.1268
25.2209
25.2799
25.4886
25.9435
26.0368
26.0972
26.2781
26.4843
26.5161
26.9778
27.1858
27.3124
27.4111
27.4871
27.5333
28.1294
28.1354
28.2914
28.3532
28.5317
29.0163
29.1844
29.6697
30.0640
30.8235
30.9978
31.2659
31.6102
32.6765
33.2541
33.7744
34.9845
35.2918
35.4044
35.5455
36.1460
36.6635
37.0054
37.0371
37.1559
37.2754
37.9858
38.5242
39.0776
40.0860
41.0739
41.3910
42.6045
42.9826
43.3360
43.3835
43.4797
44.1061
44.2522
44.2704
44.5894
44.7816
45.2376
45.9541
47.6700
48.7951
48.9416
49.0926
49.2131
49.3074
49.9148
49.9911
50.5308
51.0087
51.2567
51.3045
51.5276
52.1024
52.4165
52.5931
52.9889
53.1733
54.1181
54.3566
54.3954
55.5225
55.5284
55.9638
56.3947
57.1502
58.4804
59.7459
59.9378
59.9418
59.9690
60.0100
61.8740
62.2272
62.5971
62.7089
62.7852
62.8780
62.9262
62.9700
63.4223
65.4624
65.5618
65.6778
66.0519
66.0605
66.1462
66.7905
68.5513
68.7961
68.8038
69.7941
70.0100
70.4776
70.7811
71.0143
71.5892
71.7687
71.9808
72.0988
73.1907
73.8324
74.0142
74.2248
74.9247
75.2893
75.7204
75.9750
76.7468
76.7568
79.5986
79.9453
80.0100
80.8014
81.0875
81.1129
81.9167
82.1429
82.6901
83.0511
83.4688
84.3688
84.7547
84.9052
84.9524
85.1465
85.6568
85.7381
85.9680
86.2382
86.8207
87.3086
87.9218
88.1910
88.7335
88.9669
89.6112
89.8108
89.9715
90.0100
90.0100
90.3398
90.9909
91.5100
91.6276
91.9191
92.0948
92.2606
92.9501
93.4409
94.1542
94.8357
95.0764
95.3728
95.7039
96.2614
96.3789
96.8284
98.0968
98.5091
98.7009
99.0061
99.1376
99.3743
99.6649
100.0979
100.4114
100.6029
100.9377
101.3706
102.0004
102.1683
102.2024
102.4740
102.5592
102.6139
102.6690
102.8401
103.1651
103.3986
103.4368
103.8712
104.1121
104.3080
104.3585
104.8916
104.9657
105.0338
105.6380
105.6520
105.7194
106.2755
106.4596
106.4659
106.6375
107.2497
107.6630
107.7076
107.9653
108.0781
108.4628
108.8875
109.5975
109.9498
110.0100
110.0400
110.5459
110.8770
111.0167
111.7619
111.7789
111.8075
112.2899
112.3141
112.9838
113.0311
113.1576
113.1604
113.2821
113.5732
113.9521
114.0667
114.2393
114.4928
114.7549
114.7902
114.9030
115.2664
115.3309
115.3842
115.7553
116.4400
116.6039
116.6597
116.6777
116.6783
116.7651
116.7820
116.8920
117.7310
117.7910
118.5618
119.0102
119.5644
119.7162
119.7528
120.0100
120.0100
120.0100
120.0100
120.1787
120.3346
120.3739
120.6310
120.9180
121.1936
121.6085
121.6416
121.6643
121.7107
121.7797
121.9118
122.8216
123.0705
123.0717
123.3547
123.9691
124.1725
124.4755
124.5907
124.6398
125.1753
125.5930
125.6329
125.7073
126.5101
126.7981
126.8698
126.9345
127.0079
127.2326
127.2980
127.3744
127.4133
127.5434
127.7735
127.8663
127.9163
128.5391
128.5426
128.6523
128.7015
128.7357
129.3119
129.3128
129.6745
129.9548
130.0100
130.1660
130.2545
130.6975
131.6363
131.7526
131.8686
131.8828
131.9391
132.0162
132.1425
132.2011
132.4897
133.3564
133.4375
133.6741
133.9008
134.1194
134.3771
134.5472
134.5551
134.6087
135.7801
135.8206
136.6524
137.2803
137.4085
137.5802
137.7213
138.0360
138.6397
139.8077
140.0100
140.3131
140.4360
141.0890
141.1301
141.6753
141.6793
143.0757
144.2852
145.1322
146.1592
146.6961
146.8361
147.0331
147.9350
148.2916
149.0689
149.4570
149.4575
149.4852
149.8845
149.9414
150.0100
150.0100
150.0639
150.2167
150.2974
150.3834
150.4293
150.6653
151.7485
151.8422
151.9488
152.1784
152.3482
152.4897
152.8288
153.0371
153.1244
153.6545
153.6890
155.2831
155.6430
155.8345
156.0500
156.5394
156.8200
157.0387
157.2403
157.4476
157.8178
158.1131
158.2079
158.9155
159.4198
159.6950
159.7189
159.8737
159.8935
160.1099
160.1851
160.6448
161.7240
161.7369
161.8469
162.1141
162.4509
162.5173
162.5401
162.7072
163.4302
164.1817
164.4532
164.5294
164.5902
164.9301
165.1343
165.3888
165.6136
166.1217
166.1295
166.2366
166.3707
166.7148
166.8384
167.0496
167.4078
167.4151
167.4466
167.6098
167.9382
168.1947
168.2055
168.4179
168.9400
169.0454
169.1051
169.5892
169.7101
169.7210
169.7800
169.9026
169.9873
171.2121
171.3678
171.7071
171.7775
172.2003
172.2597
172.3908
172.4225
172.7781
172.8398
173.0930
173.1461
173.5063
173.6496
174.2658
174.5727
174.6753
175.0307
175.3967
175.5643
175.7772
175.8605
176.2181
176.3241
176.4655
177.0850
177.3538
177.4633
177.5661
177.8097
178.0090
178.3347
179.0222
179.2031
179.2466
179.5085
179.5413
179.6254
180.1507
180.2353
180.4983
180.8448
181.0202
181.2921
181.5596
181.8182
181.8935
182.9991
183.1840
183.3202
183.6641
184.0367
184.0643
184.4223
184.4487
186.1117
186.1325
186.3669
186.7661
188.0342
188.1759
189.0128
189.7021
189.7760
190.6894
192.4156
194.9837
195.8467
196.5846
196.5925
197.0876
198.3741
198.6144
198.7230
198.9302
200.2032
200.3868
201.1014
201.1748
201.2881
201.4426
201.5612
201.8231
202.8469
203.7919
204.6614
205.2958
205.2966
205.6852
206.1701
206.1985
206.2570
206.3101
206.8425
208.0558
208.1181
208.5226
210.1934
210.3641
210.4569
210.8085
211.1142
211.5573
212.4188
212.7903
213.2273
214.0047
214.0079
214.5418
215.0409
215.1752
215.4155
215.5983
215.7726
216.7982
216.8037
217.5406
217.5946
218.0577
218.1199
218.2689
218.3544
218.4514
219.1526
220.4956
220.6886
220.7214
221.5131
222.4506
222.4683
222.6990
223.1882
223.2583
223.9472
224.2794
224.3124
224.6489
224.9176
224.9633
225.2979
225.6795
225.7944
226.1972
226.7513
226.7904
227.1520
227.6753
228.2732
228.3863
229.1322
230.0393
230.1217
230.3167
230.4517
230.8036
230.8202
231.3913
231.6747
231.7559
232.5749
232.7949
233.0816
233.3001
234.5997
234.7307
234.8722
235.2218
235.8180
236.4703
237.2605
238.5300
239.0099
239.0884
239.3769
239.7944
239.8836
240.0135
240.1177
240.2703
240.2795
240.5971
240.6513
243.4118
243.5612
244.2431
244.3065
244.7658
245.1849
246.6535
246.9765
247.0025
247.5437
247.6658
250.2788
250.3772
251.1269
251.3515
251.4285
252.0120
252.9124
252.9132
254.3497
254.8959
255.1190
257.6555
258.7024
258.9401
259.2443
259.8253
260.6173
260.6716
260.8175
261.8588
262.1096
262.2379
262.5413
262.5843
262.6269
263.9734
264.3928
264.6809
265.7246
266.4729
266.7243
267.0599
267.4694
269.0275
269.9529
270.2160
270.5189
272.0038
272.2580
272.7911
273.0652
273.2254
273.3359
273.7171
273.9041
274.3153
274.7821
274.8134
274.8407
275.5537
276.7618
276.9829
277.0159
277.0168
278.8949
279.0587
279.2766
280.5563
281.6980
281.7891
281.7992
282.8529
283.1701
283.7465
284.2513
284.3199
284.8123
285.0806
285.5030
285.6082
285.8112
286.6383
287.0093
287.6684
288.2020
288.4339
290.8550
290.8651
290.9927
291.2137
291.4442
291.5512
291.5777
292.0297
292.5184
292.9146
292.9299
293.0608
293.6234
293.9909
294.2493
295.1832
296.9040
297.5997
297.9436
298.0951
299.0392
300.0334
300.0896
300.2228
300.9798
304.4059
307.3359
307.3443
307.4485
307.8740
308.3618
309.4608
309.4900
310.5616
311.2257
311.3322
312.9669
313.1643
313.7442
313.7493
314.6695
315.5324
315.7849
315.8067
315.8319
317.4991
317.6691
317.8818
318.3652
318.5800
319.4079
319.8923
320.7966
322.2118
322.6140
323.4904
324.3379
324.3820
324.7651
325.3214
326.7695
327.3748
327.4325
327.7616
327.9386
328.1517
329.9873
330.1741
331.2234
331.6483
331.9239
333.2534
333.2540
333.8974
334.7052
335.0083
335.4316
335.9686
336.5773
336.9888
337.0268
337.5447
337.5848
338.6467
339.2347
339.7761
340.0040
340.2887
340.3034
340.4956
340.7272
341.5365
341.5763
341.6005
341.8279
341.8310
342.1624
342.4803
344.9338
345.2397
345.8096
345.9715
346.9925
347.1946
348.0207
348.1025
348.3530
349.6079
350.4568
350.7356
351.4222
351.7033
352.5856
353.3017
353.6735
353.8701
354.6320
355.8219
356.0763
356.5601
356.7122
357.6134
358.0186
358.3127
358.4603
358.4655
358.5083
360.8952
361.5866
362.7021
363.4665
363.8432
364.3206
364.3761
364.3766
364.6138
365.7118
365.9138
366.1117
366.6539
366.6894
368.8806
369.2802
371.3989
371.4558
372.0450
372.4517
373.4857
373.8065
375.4499
375.4977
375.8294
376.1468
376.2237
377.0789
377.4893
379.0011
380.1413
381.6050
382.3611
382.5957
382.7092
384.2449
384.8847
388.2432
388.5295
388.9044
389.1756
389.4023
390.4292
391.0066
391.1891
393.7463
393.8688
394.9511
395.3549
395.5526
396.0482
398.2888
398.4478
400.0220
400.2477
400.2718
401.1485
401.8099
402.1869
402.5361
403.4295
405.3248
407.0735
407.4614
408.1793
408.3454
408.3998
408.7104
409.2308
409.8226
409.9693
410.4247
410.8882
411.4007
411.5537
412.1757
412.6313
412.8017
414.2594
414.4605
416.4522
417.1519
417.2449
417.8965
418.9064
418.9962
419.3498
419.5720
420.4548
420.8335
422.0745
422.5034
423.4717
424.3405
424.4889
424.8731
425.7112
426.5587
426.6305
429.0786
429.1913
429.3177
429.8215
430.7924
432.2466
432.6235
432.9014
435.0403
435.3813
436.8185
437.5796
437.7297
438.6244
439.6043
439.6671
440.6960
441.6321
442.9808
443.1253
444.5888
445.4341
446.1010
448.5133
448.5751
449.2004
450.4390
450.6435
450.6451
450.7222
450.8497
454.0257
455.0154
456.9080
457.4082
457.5128
457.9236
458.9447
459.6772
460.2750
460.5054
460.8073
460.8646
460.8917
461.2325
461.3516
461.4760
462.2725
462.5295
462.5901
463.0865
463.3373
463.5712
464.1582
464.6261
464.8222
465.9363
466.9912
467.0174
468.1673
469.4204
469.6573
469.8630
471.9312
471.9348
473.2011
474.0055
474.0181
474.3307
475.1066
475.3268
476.1296
476.6202
476.7470
477.0683
477.2024
478.0525
479.4966
480.2334
480.3563
480.7536
481.6957
481.7702
482.3414
482.5739
482.6829
483.0106
483.2395
483.9524
484.0526
484.5687
485.2516
487.1939
487.2623
488.3662
488.5593
488.6082
488.7572
488.8125
489.0491
489.3069
489.9510
490.8902
491.5657
491.7286
492.2899
492.4059
492.5118
493.0771
493.5186
493.6926
494.5591
494.8845
495.6085
495.6514
495.7251
496.4569
497.6378
498.5620
498.6387
499.0183
499.3597
499.4282
500.0337
500.9632
501.2151
501.2537
501.6323
502.1238
502.1402
502.4501
502.6577
503.2751
503.5220
503.8559
504.3679
504.5078
504.6788
505.0062
505.1972
505.3196
505.5463
505.9436
508.0417
508.4151
509.6591
510.0194
510.4132
510.9205
511.1532
512.0865
513.0756
513.7558
515.0516
515.1541
515.2964
515.3317
515.6104
516.6658
516.7210
517.1869
518.4025
518.8646
519.0812
519.9664
520.2581
521.0852
523.3527
523.7444
524.1064
524.4540
524.6420
524.7966
524.8997
526.4381
526.9830
527.1782
527.2203
527.7479
529.4967
529.5010
531.0467
531.1584
531.3425
531.7513
532.4847
532.7659
534.4822
537.0294
537.6341
538.7133
539.9816
540.9036
540.9789
541.1251
541.8628
542.4934
542.7814
545.8998
546.6561
547.5126
548.2784
548.5228
548.7863
548.8811
549.0878
549.6145
551.7746
551.9624
552.2391
552.6467
553.2803
553.9170
554.1122
554.1507
555.6851
556.5777
557.4368
557.5510
558.1392
559.0087
559.1642
559.3144
560.3569
560.5790
563.0028
563.9418
564.1066
565.0281
565.4095
565.6543
566.3843
567.8613
568.0201
568.1991
568.7382
568.8777
569.8746
570.0791
570.2640
572.8756
573.1089
573.4131
574.2705
574.6650
575.2342
575.2347
575.3210
576.7059
576.9276
577.3621
578.6639
578.7514
580.3654
580.4321
580.9993
581.0955
581.3935
581.7437
581.9904
582.0195
582.5331
583.6706
585.1043
585.3195
585.6412
585.9784
586.3838
586.5993
587.2792
587.3264
590.1876
590.2718
590.2969
590.6736
591.0402
591.3129
592.4657
592.6857
595.3255
596.3169
596.6694
596.8377
597.2569
597.9441
598.5104
599.4773
599.7332
599.9381
600.4497
600.8258
601.4044
601.6828
601.7326
602.3685
602.8935
604.2850
605.7705
607.4044
608.2542
608.3334
608.6407
609.4278
610.2848
610.8527
611.5518
613.4218
615.6590
615.8731
616.0012
616.1664
616.3751
617.8389
618.3733
618.7323
619.3086
619.7461
619.8774
620.2461
623.3340
624.7972
625.9649
628.8867
629.1240
630.7467
631.3915
632.0523
633.2487
633.4546
634.3060
634.8760
635.0858
637.4669
637.6287
638.2014
640.5189
641.0528
642.7094
643.5193
646.3249
647.4058
648.0800
649.6624
657.1363
658.2929
658.8879
659.0122
661.7758
662.4361
662.8478
666.1528
667.4780
668.5447
668.7794
669.1927
669.8412
671.8603
672.1255
673.7214
675.3013
675.3282
676.5544
676.7447
678.7523
678.7570
683.9222
689.1035
692.0312
695.7522
722.6121
724.7083
733.2712
740.5308
880.2493
889.6124
897.5490
902.9234
911.1548
916.1947
926.0234
1002.7822
1012.1528
1018.1478
1028.0859
1033.1571
1041.2541
1048.7353
1048.8745
1055.8381
1063.9977
1069.7532
1078.4862
1087.9504
1095.1763
1104.6615
1182.8770
1330.8669
1337.3278
1347.0281
1354.9890
1364.1332
1461.8093
1470.7926
1479.2071
1486.9652
1496.6142
1503.0620
1511.9111
1519.4870
1638.2328
1728.0844
1737.9727
1746.1100
1832.9729
1840.6167
1850.3612
1850.9299
1860.5215
1869.8340
1879.6889
1887.6456
1897.6214
1902.2490
1952.2189
1961.8511
1971.6502
1981.3388
1989.0317
1997.0595
2004.6130
2014.1841
2023.7853
2032.4801
2040.8927
2050.6222
2060.3256
2070.1519
2077.4458
2086.6558
2096.5748
2103.9922
2223.4883
2312.8620
2321.7247
2331.1199
2340.5173
2349.3094
2353.4958
2359.9890
2363.3496
2512.8858
2521.0944
2530.4729
2539.7324
2542.7582
2551.7086
2669.9967
2679.1295
2688.8886
2693.8636
2703.7252
2712.1668
2719.9193
2729.4924
2736.8522
2745.2104
2755.1467
2763.0851
2772.6842
2781.2106
2790.9810
2795.2606
2804.8744
2812.4169
2820.6741
2829.4091
2839.1220
2846.4134
2854.4791
2987.2882
2994.1727
3003.4099
3011.3756
3016.9894
3026.4213
3035.1561
3043.0084
3052.2908
3061.3718
3140.8899
3146.8612
3151.9470
3160.7376
3170.6342
3178.2220
3277.3834
3286.0360
3293.4142
3361.8907
3371.8267
3418.6140
3424.7187
3431.6599
3438.1400
3445.8208
3455.2947
3464.0299
3598.2454
3603.5718
3612.6651
3752.3839
3761.1530
3766.9619
3775.8101
3781.1295
3789.8126
3799.2784
3808.9654
3816.5372
3825.3411
3833.5327
3841.1006
3897.5710
3906.4853
3914.3678
3924.0950
3931.2147
3940.6272
3948.6934
3952.5354
3960.9797
3967.6435
3976.0966
4124.1129
4132.4785
4138.4879
4147.1583
4156.9680
4163.9970
4173.7563
4181.3713
4188.7033
4198.3392
4206.8834
4215.7032
4224.4289
4231.7696
4241.2448
4251.2432
4260.7962
4270.6993
4277.4163
4282.4051
4291.5331
4296.5202
4303.5025
4313.3303
4322.1418
4331.9926
4339.1134
4345.4906
4351.8882
4361.7315
4368.8083
4373.6874
4381.4842
4390.7516
4398.6054
4408.5525
4417.2109
4466.8520
4476.4058
4480.1475
4485.9322
4540.0096
4543.7429
4552.7153
4562.0461
4571.9338
4578.6150
4586.8813
4594.4879
4604.1916
4613.3215
4623.0148
4630.7560
4639.8028
4649.5408
4788.6247
4797.0697
4805.7152
4814.9429
4821.9694
4829.4415
4836.6885
4839.3032
4845.1611
4971.1139
4979.8562
4988.3015
5115.8648
5122.2625
5131.1249
5140.8383
5148.5599
5156.3638
5165.4965
5173.2958
5180.0615
5189.3966
5199.0767
5208.5812
5218.0681
5224.9469
5231.2780
5236.5916
5246.4868
5249.6641
5257.6550
5267.1974
5274.4499
5404.3240
5512.8592
5518.9273
5528.8787
5537.2404
5544.9239
5553.3668
5561.4371
5571.3571
5580.9580
5670.8637
5680.6346
5690.0966
5696.0376
5704.1232
5713.0723
5720.8502
5730.7105
5737.3748
5887.1140
5890.5507
5896.6170
5901.1574
5910.7324
5917.0805
5926.2486
6032.3635
6039.5779
6049.5057
6159.0075
6168.9708
6178.2597
6186.8123
6194.6800
6204.4470
6211.1757
6221.0980
6230.7421
6239.5370
6245.5010
6255.2774
6261.8854
6269.8015
6277.9259
6285.4310
6295.2342
6403.6535
6410.9221
6418.6868
6427.3817
6431.9377
6440.4479
6448.6837
6453.9199
6458.6853
6467.6833
6477.5935
6485.3471
6488.8969
6497.3287
6504.1865
6591.4490
6598.4221
6604.2292
6614.0679
6623.2667
6632.4338
6691.4410
6697.8795
6704.5369
6832.0410
6841.8404
6851.6797
6859.8298
6869.1523
6879.0403
6995.3611
7002.7840
7012.7269
7021.7647
7031.4000
7038.6029
7048.1429
7173.9616
7183.8614
7193.4734
7202.4585
7212.4036
7220.8249
7227.6932
7230.3871
7237.5228
7246.7528
7250.3457
7258.3295
7266.7709
7274.4042
7284.3444
7380.0134
7389.2831
7398.3443
7407.0888
7417.0056
7425.7425
7435.3635
7583.2398
7592.3142
7601.8847
7610.8573
7667.4157
7675.2969
7784.0004
7793.5816
7803.4264
7813.2179
7822.0343
7829.6659
7838.4041
7847.7543
7911.2523
7920.1231
7929.1114
7935.7409
7944.1549
7948.9870
7958.7064
7961.3493
7966.8113
7973.0836
7982.0938
7987.4830
7997.3041
8004.7241
8013.7844
8020.4898
8028.0501
8036.6532
8045.3900
8055.2418
8063.9052
8066.8500
8076.5956
8085.4259
8175.1657
8184.7372
8191.9550
8198.1979
8208.1606
8217.8563
8226.9122
8233.7821
8243.7816
8253.0180
8260.8475
8360.1659
8369.9708
8429.5501
8439.4443
8449.3998
8454.7206
8462.8405
8471.9882
8481.4648
8488.8090
8601.7006
8609.5948
8619.4313
8626.1687
8635.2232
8644.8054
8653.2879
8661.1146
8669.9330
8679.8575
8687.2919
8795.9188
8805.4018
8812.7308
8818.6666
8825.8545
8830.1758
8840.0580
8842.0335
8848.2215
8853.7630
8863.2951
8869.6150
8878.5338
8888.4637
8898.0422
8905.5735
8914.0589
8919.9176
8929.9116
