2207	0	46985.8594	54152.9328	48038.403954658934	84098.31309327527	87285.34391368997	96188.71868010784	0.02207
34.2272
66.1412
103.1948
126.4166
165.1050
191.3521
197.0541
259.6586
274.1730
372.0776
418.3966
495.9291
515.7175
530.0591
532.4355
533.3418
535.1359
558.7526
573.2470
581.0370
649.2924
686.8168
692.4346
706.7486
784.2380
815.3790
820.0183
828.2828
866.0944
887.0409
891.8143
905.7840
933.9973
934.9633
938.5570
983.8966
1015.4227
1024.4208
1082.1706
1089.5824
1120.0005
1148.5410
1236.1267
1267.7165
1270.7939
1287.8260
1312.3595
1368.7192
1369.7825
1373.6307
1398.5795
1415.3603
1462.4316
1479.6269
1508.1778
1520.5663
1525.4770
1537.4844
1561.7796
1628.2104
1642.1836
1651.1788
1735.8090
1770.6713
1782.1818
1813.5905
1819.5886
1820.2520
1821.1281
1824.5586
1846.5797
1859.0044
1980.4838
2000.4384
2016.1464
2131.5775
2323.9397
2605.1092
2668.3005
2687.6741
2786.3627
2822.3130
3040.8179
3064.5901
3073.9042
3162.3002
3185.1424
3204.3930
3322.2547
3401.7811
3447.5044
3463.6372
3480.6190
3608.2644
3622.5429
3634.2699
3665.9005
3676.0906
3687.8093
3688.4312
3726.2939
3730.2835
3752.6059
3765.6236
3792.2983
3829.9586
3832.3154
3879.0387
3912.1317
3918.7837
4017.0398
4225.5086
4605.1584
4631.4512
4851.7583
4922.3229
5130.9327
5228.0227
5276.4643
5287.8240
5410.3350
5438.6210
5441.9349
5444.7496
5470.1256
5474.7084
5555.5314
5623.5193
5650.3593
5712.1174
5765.5156
5775.0751
5810.7727
5824.8307
5854.7930
5882.8847
5888.0027
5918.3981
5928.9847
5942.8727
5962.4595
5977.3228
6148.9957
6151.2595
6168.8405
6217.0717
6238.4175
6242.0472
6261.9234
6276.9571
6314.7794
6338.5027
6354.7403
6413.4314
6445.6803
6460.4405
6486.6240
6544.4981
6663.9840
6689.6203
6689.6734
6714.8845
6761.6102
6798.9020
6849.9722
6858.7679
6862.0072
6892.7996
6895.1571
7047.4645
7106.4344
7139.9579
7179.0034
7220.1063
7243.8082
7245.1050
7275.6320
7302.9681
7304.4421
7337.5923
7378.7490
7386.0054
7435.3049
7450.9417
7471.1931
7471.5070
7575.8086
7581.9767
7645.4983
7667.4787
7688.8938
7694.3979
7706.5871
7721.0800
7740.9635
7754.7209
7756.9313
7769.2309
7829.5874
7894.2498
8066.6167
8255.5538
8302.0432
8308.1242
8445.9744
8474.4512
8525.3932
8607.2237
8637.4265
8655.1335
8810.6819
8814.0953
8927.6573
9033.8714
9040.0503
9064.2669
9078.9138
9093.7062
9104.4005
9114.5091
9142.5037
9208.7121
9211.7855
9232.6693
9260.9295
9268.1243
9333.6455
9350.8649
9362.9279
9398.8096
9463.4417
9472.1335
9490.6224
9562.9335
9569.3261
9650.0671
9685.0439
9699.4421
9716.9822
9721.9652
9725.5415
9726.5879
9748.4847
9756.5378
9779.8513
9823.1000
9855.1583
9867.6200
9904.4284
10056.7957
10062.2710
10099.9594
10137.5561
10144.7005
10145.6576
10216.0063
10222.0201
10223.8976
10226.2513
10232.0071
10238.1045
10253.2225
10256.3416
10259.7016
10262.4539
10288.1842
10292.4995
10316.5198
10342.4410
10400.6353
10401.2041
10415.5057
10461.5910
10483.5601
10505.9258
10514.7123
10526.7455
10549.8907
10580.7495
10613.6940
10645.3662
10670.6974
10731.4967
10754.3524
10798.4401
10879.3812
10903.7238
11136.7635
11158.6374
11380.9578
11392.7362
11393.7757
11437.0085
11650.8151
11664.4090
11801.4028
11864.1656
12116.0789
12134.5978
12207.8213
12221.0638
12309.7234
12334.3889
12481.1592
12497.1583
12520.0576
12545.2212
12711.5887
12713.7250
12723.2228
12787.2026
12918.5709
12949.5318
12989.3898
13030.1004
13059.5251
13206.8172
13320.0316
13424.8746
13450.0354
13535.2226
13610.1256
13700.0876
13912.7392
14366.1516
14439.2390
14486.8077
14530.4159
14558.5816
14564.2136
14598.8618
14623.8825
14704.7494
14709.1439
14753.4450
14809.0300
14889.7027
14890.3746
14923.7034
14994.1687
15065.1988
15194.0030
15356.2912
15395.9704
15621.4411
15667.0307
15732.5215
15789.0858
15811.8731
15858.8180
15926.4672
15941.9756
15969.7612
16001.6137
16068.6412
16070.4496
16122.5540
16273.2215
16314.0315
16419.8089
16427.6851
16449.2378
16455.7567
16545.3695
16656.2337
16660.1050
16797.4853
16808.4285
16867.0161
16892.4583
16923.1141
16923.5062
16943.0012
16965.8736
16976.1279
17013.7221
17050.7834
17154.8854
17253.9482
17273.1283
17304.7539
17307.0357
17317.3798
17377.9620
17388.6670
17423.2931
17508.0283
17516.8254
17538.0341
17618.5426
17669.6326
17686.8975
17754.8361
17883.3925
17903.6318
17919.2631
17946.5018
17960.4046
17975.6533
18027.3086
18058.4219
18092.9060
18104.7815
18155.0020
18413.6468
18602.8120
18794.9200
18795.0401
18832.5526
18836.9781
18859.0472
18916.7230
18984.3505
19106.5366
19138.4003
19225.0131
19256.1370
19256.3188
19262.5686
19307.4562
19332.5726
19353.7148
19399.3270
19443.6488
19469.5042
19506.3651
19549.8880
19553.0076
19556.7294
19677.3918
19705.1353
19710.7408
19766.1680
19789.5120
19795.1887
19812.3072
19914.7539
19934.6445
19939.0672
20006.7816
20054.6772
20057.6103
20057.6561
20151.1065
20199.0880
20202.2065
20226.5881
20227.8710
20259.1149
20259.5976
20273.4540
20306.8143
20326.2518
20346.4027
20487.8955
20633.8199
20705.0935
20860.9114
20871.2121
20908.0264
20938.6883
21068.3908
21269.9767
21355.9120
21373.1683
21518.6848
21533.4226
21533.8027
21592.7993
21718.9201
21726.8145
21737.3807
21739.3206
21748.1453
21750.2650
21810.4679
21875.0531
21876.6737
21907.4210
22010.8176
22033.8844
22078.0383
22092.7887
22106.1070
22112.5821
22137.1944
22145.0855
22284.7825
22292.6920
22317.3651
22343.2338
22349.4894
22409.7178
22419.8149
22439.6139
22444.8463
22496.9905
22507.4539
22572.6303
22590.7954
22592.4174
22606.7862
22625.4489
22656.0669
22659.6626
22692.7124
22712.3543
22718.9106
22728.9194
22730.1129
22742.9962
22790.7127
22874.9758
22941.5145
22941.9971
22981.0005
23038.3772
23047.0754
23083.4588
23084.3129
23094.9193
23098.5136
23122.4590
23169.8650
23205.9032
23309.6029
23315.6095
23337.6053
23355.7764
23414.3002
23420.7571
23428.3281
23441.8571
23447.0480
23477.4327
23497.0158
23515.0789
23541.7023
23556.9183
23560.9665
23594.3989
23607.6351
23658.2556
23674.5271
23675.4303
23678.5230
23690.3541
23695.0142
23706.3059
23733.6820
23740.4576
23765.8903
23838.4358
23873.1843
23883.0156
23895.4955
23927.9848
23977.7324
23998.4577
24015.0709
24028.9695
24071.6349
24080.9858
24152.6890
24152.6956
24177.6591
24211.9469
24281.2164
24370.6813
24389.9317
24409.0791
24448.7294
24485.8346
24502.1489
24518.8197
24536.1299
24559.7521
24601.6486
24621.7410
24640.1278
24645.9652
24653.9828
24656.2052
24679.8069
24685.3972
24689.5972
24761.7733
24765.1951
24780.3962
24796.2910
24828.4920
24830.6032
24830.8265
24831.9674
24851.0484
24869.1595
24904.1270
25005.6161
25032.5029
25032.7828
25039.1151
25055.8361
25059.8276
25097.3132
25167.6657
25209.5950
25244.0602
25274.5419
25307.3565
25371.2954
25385.9660
25409.7974
25430.7084
25475.7070
25500.5365
25506.6688
25744.7090
25791.2201
25791.9987
25886.8421
25897.9482
25923.6250
25954.9254
25960.5055
26070.9763
26085.1060
26178.8463
26209.8996
26220.0096
26355.4597
26370.1899
26404.7795
26416.0123
26474.4815
26475.9616
26478.0569
26484.1743
26493.9040
27673.1634
27906.1570
27907.6383
27930.3761
28109.3172
28249.5306
28285.8984
28462.4603
28507.9843
28539.5473
28625.5536
28633.0241
28650.1845
28690.0378
28737.0985
28742.1880
28767.7996
28826.1011
28857.2400
28859.9678
28881.4879
28882.6133
28925.1985
28930.1527
29004.4495
29011.7488
29070.3073
29070.8884
29135.8351
29170.0631
29179.0479
29184.4983
29212.7429
29233.8684
29281.5779
29419.3209
29423.7692
29444.6876
29466.6440
29502.7885
29516.2260
29523.7141
29524.7383
29537.1233
29542.1482
29549.5420
29553.9811
29575.5434
29616.2583
29659.6536
29672.4372
29704.2426
29710.9205
29715.9176
29753.5575
29760.9631
29785.8648
29810.6206
29818.4768
29823.7319
29829.4458
29852.3431
29879.5872
29884.3002
29884.4479
29984.6939
30006.9244
30011.2139
30019.6906
30091.8685
30102.8793
30133.9658
30176.0579
30186.3928
30190.7119
30191.3359
30198.3469
30415.4695
30519.5782
30608.4208
30692.2674
30725.1369
30733.7087
30787.2055
30818.6274
30819.1919
30831.9140
30870.0110
30874.9179
30894.4532
31171.9984
31183.7539
31237.4359
31498.7472
31515.3317
31554.2701
31743.1058
31840.7856
31913.0574
31997.9216
32050.3003
32068.0824
32077.5699
32097.9083
32113.1103
32115.6754
32136.8353
32140.7453
32141.5269
32171.8829
32172.6603
32200.8569
32221.3504
32234.9702
32238.9557
32240.2218
32256.3142
32268.5654
32308.2951
32374.7388
32494.7764
32513.0220
32670.0800
32697.8498
32698.1068
32713.4487
32723.0148
32742.8345
32754.1043
32756.0979
32809.1340
32839.0123
32868.1948
32913.5945
32936.1620
32959.0722
32975.9178
33029.3463
33045.9054
33085.5643
33117.1558
33128.5960
33193.0017
33361.1350
33372.9015
33485.0410
33485.3221
33549.2029
33955.8513
34021.5946
34062.8599
34065.8073
34068.8983
34109.5812
34156.9737
34194.6170
34333.3846
34434.6310
34473.5947
34655.0011
34817.6018
34819.6285
34826.6718
34837.8645
34842.5214
35023.8807
35035.1526
35041.5452
35058.4340
35058.7946
35063.1866
35065.7355
35068.3005
35089.5895
35116.5451
35163.5207
35173.0615
35322.1738
35393.5099
35422.7199
35447.9669
35643.5479
35672.4948
35710.1716
35714.9098
35717.5838
35750.1240
35792.2431
35820.2579
35868.2567
35874.7141
35945.0205
35962.0128
36004.2267
36023.1353
36055.8379
36057.3183
36081.0086
36119.1802
36158.6669
36162.4690
36194.8247
36212.7958
36226.2032
36233.4974
36236.7381
36272.4496
36274.0257
36305.0001
36313.8547
36326.9577
36341.2465
36351.4698
36458.1918
36460.5499
36477.7163
36478.5467
36536.6288
36749.8388
36825.8223
36849.1809
36875.3556
36881.5312
36900.9451
36917.9543
36931.4682
36939.7083
36948.4338
37025.8622
37038.8696
37045.1268
37066.6624
37076.5832
37120.0913
37127.6746
37177.2632
37262.8945
37266.9094
37303.0201
37313.0651
37354.9274
37384.4437
37433.1643
37450.2842
37462.0762
37467.6909
37472.0868
37661.4548
37668.2349
37713.0372
37779.8785
37810.5564
37850.6883
37859.2378
37864.7025
37914.5158
37934.6029
37979.9535
38013.0171
38080.8659
38090.0418
38227.7364
38230.8037
38249.1835
38254.4995
38255.8245
38278.1128
38282.7081
38352.9046
38482.3837
38501.3056
38509.0696
38532.4575
38543.6822
38630.4421
38701.5799
38737.7056
38742.6835
38880.7014
38908.5216
38966.2604
38985.2650
38985.5676
39007.7242
39084.2806
39101.7253
39110.8967
39215.0370
39307.0684
39335.6330
39343.9100
39354.4635
39356.7807
39499.4252
40160.9389
40176.9046
40262.6531
40267.8365
40314.7734
40482.4084
40661.4611
40784.1326
40820.6920
40968.9866
40978.9635
41041.7679
41105.7425
41118.7151
41135.1610
41147.8934
41175.7131
41180.7486
41185.0953
41189.4979
41222.2845
41285.8199
41309.9038
41349.5118
41367.3631
41382.6852
41442.9263
41470.4911
41501.4687
41529.9783
41612.4065
41786.8919
41792.0726
41808.5345
41882.1500
41923.2278
42018.9595
42049.5633
42076.3035
42136.0715
42139.1192
42247.7086
42286.7542
42362.8811
42394.2203
42471.1455
42524.4534
42533.2697
42612.1981
42671.6112
42683.1407
42697.2709
42714.4333
42760.1190
42776.0527
42794.6225
42799.1762
42817.8532
42844.1683
42914.3649
42917.0527
42970.5488
43019.7658
43135.2749
43143.5504
43175.8815
43198.3207
43213.6349
43233.4084
43237.5847
43240.3684
43268.6997
43430.9346
43436.0037
43508.2589
43513.0085
43580.8303
43590.1439
43612.8165
43632.9993
43757.2929
43848.3944
43985.4756
44028.7926
44176.5787
44197.8036
44206.5440
44253.0867
44262.4246
44277.8138
44387.5319
44553.7076
44556.4598
44610.2454
44636.3841
44664.0524
44671.1247
44675.0587
44681.9272
44721.3485
44823.3608
44922.2750
44971.2977
44972.3404
44995.8095
44996.2868
45001.5050
45063.5806
45076.3150
45114.2490
45135.4729
45138.1058
45177.3298
45192.0017
45219.6602
45225.7880
45287.5592
45308.9727
45320.0754
45345.9771
45361.6261
45400.7029
45469.4238
45560.2788
45563.3063
45603.5921
45653.9650
45688.9445
45784.6606
45784.7124
45898.2844
46000.1666
46010.4069
46036.9839
46048.1408
46123.3880
46141.1543
46149.6162
46153.9667
46162.5018
46169.5430
46175.5059
46213.5796
46221.2652
46229.1569
46262.1027
46363.7411
46422.7247
46472.9761
46592.9223
46635.3880
46754.9345
46765.5390
46768.5778
46855.5626
46866.6801
46870.7937
47090.3033
47105.1088
47126.6478
47154.9942
47223.8306
47410.6102
47446.2024
47459.4737
47730.2559
47801.1378
47866.5676
47896.4383
47925.5943
47948.2382
48038.4040
48044.0604
48050.6361
48054.8786
48056.9670
48099.0553
48193.6807
48201.5369
48231.2870
48252.4744
48349.9392
48470.3244
48488.9528
48531.6825
48585.9423
48643.2311
48701.0247
48734.8076
48744.0506
48748.7077
48752.9149
48938.1299
48972.6890
48984.9633
49040.6853
49058.7099
49102.5744
49148.6552
49270.7989
49371.0904
49383.1454
49445.7349
49456.0142
49566.6726
49579.8019
49590.2315
49597.1863
49602.6706
49620.1423
49655.9639
49852.7434
49886.4178
49944.0606
49970.9708
49979.9072
50021.3561
50023.3200
50052.1526
50062.0662
50072.5815
50111.7732
50118.7680
50122.7239
50128.0196
50133.7510
50184.2757
50191.9185
50276.8203
50291.0232
50391.6314
50424.0463
50469.8072
50535.5586
50576.7791
50608.1793
50609.0158
50635.9561
50637.8354
50704.7935
50733.6839
50837.1599
50848.2463
50861.9441
50870.0853
50910.6753
50914.1610
50933.4893
50936.4394
51134.6459
51215.5003
51227.0889
51236.8056
51256.2230
51257.6826
51276.1145
51277.2252
51357.1465
51415.3726
51446.1811
51453.8086
51473.5158
51536.3524
51554.9921
51557.8126
51583.4239
51713.9512
51722.8275
51747.5840
51770.3415
51839.7644
51850.1277
51863.5319
51869.9663
51881.9170
51888.5296
51910.1332
51979.9785
52000.9309
52045.4416
52047.8408
52165.9510
52216.6323
52354.9761
52362.0819
52368.4264
52413.6667
52429.4521
52455.0400
52494.5497
52506.8940
52523.4589
52524.6252
52570.4221
52600.3088
52634.1599
52647.7447
52711.1894
52734.8513
52744.7673
52774.4853
52778.4973
52788.5406
52867.0367
52889.1087
52954.7029
52964.2308
53096.9902
53176.1723
53181.5263
53202.7659
53207.2525
53223.4372
53261.1130
53290.3983
53293.5355
53297.3671
53311.9803
53320.8621
53333.0255
53337.0587
53355.1482
53374.8005
53439.5405
53445.0119
53465.4506
53483.0990
53501.7537
53530.9014
53666.6165
53689.0846
53734.3944
53845.6807
53875.3364
53897.5949
53959.6781
53965.7828
53972.5952
54002.8359
54073.2837
54112.8063
54202.5615
54221.3880
54232.1099
54296.4149
54310.7042
54321.6625
54354.1840
54407.6587
54420.3729
54429.1065
54454.5735
54458.9046
54462.3404
54653.2498
54686.9334
54690.4147
54691.2720
54739.1128
54805.9853
54815.0004
54824.3982
54834.2873
54844.2414
54848.9890
54905.1784
54918.1334
55025.8708
55054.7115
55090.4583
55090.5423
55102.5037
55210.9414
55221.5185
55254.8992
55275.1482
55291.4964
55307.4921
55308.6804
55311.6664
55314.3029
55402.4227
55447.2626
55490.1122
55508.2686
55562.7550
55572.9068
55576.1183
55592.3510
55608.9704
55609.9968
55649.5132
55657.5885
55659.8361
55690.8546
55781.6043
56030.5335
56033.3314
56053.4615
56107.7193
56124.7477
56126.6399
56128.1212
56178.8056
56184.4505
56205.7578
56243.3248
56326.4143
56336.8173
56424.4014
56491.7526
56492.2477
56502.2375
56595.0185
56599.3611
56624.0866
56671.3851
56683.1136
56692.9920
56863.6755
56977.3540
56981.3891
56994.3802
57000.0767
57043.1054
57051.1988
57060.4035
57085.6858
57105.1935
57115.1643
57148.2863
57170.8698
57174.2102
57310.8923
57493.2245
57495.3649
57558.9058
57581.2139
57584.0432
57703.8988
57719.4798
57737.8323
57868.9677
57883.3237
57927.7717
57945.2068
57957.6460
57966.5864
58010.1265
58029.3835
58165.8528
58189.8765
58334.7341
58506.3993
58598.1324
58717.0867
58750.0311
58760.3319
58760.6469
58782.2146
58828.9665
58879.6917
58893.5966
58902.7301
58916.8066
59052.6831
59080.8143
59212.4249
59251.8543
59254.5896
59323.0430
59325.4424
59351.9249
59385.4946
59407.3304
59444.7450
59489.1108
59493.7443
59547.2961
59596.1712
59615.9252
59716.0617
59738.6400
59749.4627
59815.5323
59817.2355
59819.1499
59819.9525
59911.5988
60028.7430
60060.3709
60150.1390
60282.4583
60289.6077
60310.5211
60450.4819
60491.8342
60499.7844
60529.7197
60540.7192
60540.9109
60552.1978
60653.0968
60742.9183
60755.6111
60819.1734
60887.0602
60968.5684
61002.3263
61002.3784
61130.7738
61136.3920
61136.7623
61137.1239
61138.3514
61140.8308
61147.6533
61162.8981
61212.3566
61225.7312
61229.7808
61240.9090
61346.1504
61353.7639
61370.0920
61412.7846
61461.6294
61669.6696
61685.0522
61724.1153
61928.0681
61950.4055
61966.0507
61989.8546
62045.8754
62056.5633
62082.9330
62096.4760
62108.0561
62117.7678
62277.6388
62318.7829
62320.4241
62369.8814
62418.9176
62419.4002
62446.2885
62454.2551
62580.4817
62613.1872
62690.0713
62697.1334
62740.8423
62834.7136
62840.6364
62847.4255
62856.8196
62929.8157
63031.8468
63050.0269
63089.7506
63093.6157
63121.9939
63170.1298
63416.3686
63529.4198
63801.0822
63830.1927
63901.0167
63941.9519
63951.1568
63971.4715
64073.8295
64340.3937
64380.6961
64381.7584
64382.3841
64399.4224
64406.0752
64430.3551
64630.8405
64842.9182
64904.3146
64919.8016
64988.1099
65089.9666
65113.2667
65120.3459
65167.9856
65217.7261
65314.0411
65354.7770
65389.0465
65513.6454
65665.2867
65697.4561
65726.2479
65738.2586
65762.2851
65808.0291
65842.9266
65851.2177
65872.2213
65952.7689
65975.0624
66037.2332
66090.7765
66127.7385
66203.0290
66213.9188
66312.7408
66341.0063
66347.5392
66378.4927
66395.7513
66396.8467
66463.2400
66499.9295
66602.5459
66607.9934
66620.8775
66620.9545
66622.9805
66644.1311
66662.5994
66681.2991
66735.9121
66740.3368
66817.9076
66913.4852
66944.3936
67006.0591
67026.5933
67045.9222
67051.6022
67120.8126
67138.9957
67288.8334
67349.6000
67354.7476
67411.8797
67511.5509
67604.7395
67704.4611
67728.9671
67755.8088
67762.7003
67780.8974
67864.2294
67898.8771
67966.4578
67992.6763
68043.5351
68051.2230
68069.9697
68107.8985
68135.9500
68161.3705
68209.4809
68212.4266
68230.9367
68319.2586
68437.2225
68462.9210
68483.7786
68494.9023
68529.3765
68662.0027
68736.9829
68740.4948
68741.8606
68769.3122
68938.3150
68957.8373
69074.1543
69145.7135
69175.4035
69188.7395
69193.3357
69201.1577
69330.9488
69348.6439
69400.9701
69525.8968
69537.4439
69587.8477
69743.8627
69773.7222
69796.1130
69796.2986
69801.3773
69858.6095
69986.5420
70028.0203
70081.0956
70118.3762
70137.4550
70164.4736
70255.6926
70262.9444
70287.6999
70294.5729
70306.3389
70320.2021
70326.6168
70332.9338
70381.2222
70405.1993
70415.9737
70426.5663
70435.9642
70476.1788
70498.4014
70563.9549
70671.2292
70674.5840
70686.4898
70689.3483
70728.2389
70753.6230
70762.6060
70766.5841
70819.6398
70869.4732
70876.7905
70882.5477
70930.6280
70949.5487
70955.6654
70995.5259
71003.7537
71046.5215
71124.9386
71162.2119
71178.8685
71277.0803
71288.0235
71296.5595
71299.5461
71315.7303
71338.6830
71358.3017
71374.5529
71380.1031
71387.0504
71387.7909
71402.3883
71411.5663
71417.9419
71419.5437
71446.3089
71502.3408
71574.9627
71594.4609
71602.7610
71604.7233
71614.0521
71617.2526
71660.9257
71727.8004
71729.0465
71803.1971
71866.6322
71870.6950
71873.4576
71933.2615
71987.3409
71996.5916
72111.3126
72143.9719
72168.7712
72174.5228
72178.3792
72228.0164
72282.5588
72310.6035
72332.1019
72334.0253
72410.4909
72417.4387
72419.1701
72469.0034
72483.7647
72489.5571
72596.4875
72611.9297
72629.2528
72636.5050
72641.8946
72649.3553
72691.1336
72702.4128
72734.5838
72742.1747
72766.6905
72815.7268
72870.5912
72906.0024
72925.4022
72993.3083
73002.4162
73003.6582
73013.8759
73033.3672
73086.7482
73132.3842
73139.6414
73175.2284
73240.7888
73250.1376
73253.7758
73278.6529
73284.6558
73397.2392
73446.7410
73611.6746
73650.1354
73685.6471
73689.2519
73696.9068
73725.3697
73727.2299
73787.9839
73877.0400
73897.4034
73983.0338
73988.8362
74014.3530
74042.5893
74072.2392
74074.7689
74136.2918
74158.0168
74311.5564
74318.6929
74332.3294
74499.6759
74508.9652
74550.8093
74562.9415
74604.0640
74651.1791
74676.7276
74677.1249
74684.2321
74712.3449
74723.1222
74739.9479
74750.1389
74753.9149
74768.5205
74793.1336
74812.1188
74839.8929
74851.7620
74878.7075
74883.3957
74907.5438
74920.3094
74927.1047
74927.9197
74955.4674
74998.8845
75003.8470
75009.7965
75023.7008
75024.9343
75034.9067
75043.3034
75044.7839
75081.2075
75117.2159
75121.1103
75184.7676
75206.2872
75216.0036
75240.3897
75281.3584
75319.2769
75321.4035
75322.0727
75368.3889
75429.7605
75505.2904
75594.3039
75603.4928
75682.7245
75736.7201
75871.5934
75916.4200
75992.2737
76032.8951
76038.7114
76060.8696
76067.6712
76107.8152
76129.3859
76139.4273
76175.1823
76179.4096
76186.1432
76241.0123
76246.1824
76260.3092
76274.0174
76317.2083
76324.2868
76353.2304
76364.7170
76379.3082
76398.0841
76566.8910
76576.9509
76584.0250
76642.2747
76664.4647
76739.6780
76779.4980
76904.7174
76920.4779
77015.7835
77037.6474
77042.5523
77047.4381
77057.5556
77074.8332
77078.4661
77080.4435
77190.4099
77192.7170
77215.2436
77219.5665
77339.7608
77344.6491
77370.7650
77376.9582
77378.8435
77552.5675
77697.8481
77725.7165
77866.5457
78901.8792
78939.6549
78969.2137
79135.7579
79146.8690
79149.3360
79251.9689
79308.8256
79407.9529
79566.0239
79596.4431
79618.5248
79711.4825
79829.9447
79928.1446
79939.3760
80058.6123
80061.9047
80068.3861
80187.4358
80189.4230
80223.9641
80268.0829
80288.1262
80373.1250
80422.9227
80425.9711
80559.8188
80597.5866
80637.3913
80716.2130
80738.2403
80763.9861
80893.1704
80961.1501
80992.4913
81020.2115
81045.2831
81065.3417
81069.6861
81109.1526
81121.8355
81130.6179
81134.2952
81156.9643
81178.3325
81252.5995
81350.4989
81370.5593
81373.5150
81563.4936
81588.6877
81594.6674
81666.1199
81672.2799
81672.6001
81716.5299
81731.2016
81751.6713
81752.9684
81754.8480
81759.4486
81761.6299
81769.1329
81813.5653
81820.0768
81869.3658
81881.1280
81926.2680
81934.8165
82034.1859
82196.9084
82388.0372
82395.9457
82400.9076
82430.7408
82684.5012
82693.7313
82698.9839
82700.1460
82730.2841
82740.7788
82824.5350
82852.5901
82914.8358
82930.0904
82943.5654
82958.9132
83007.7088
83026.6982
83068.3877
83074.6597
83090.0191
83155.2562
83200.2249
83246.5421
83256.7560
83272.6712
83342.0416
83345.0692
83418.2700
83449.4655
83455.9037
83456.9846
83458.0023
83465.9430
83466.4487
83931.0837
83948.4372
83949.8308
83971.4906
83981.8146
84093.7481
84098.3131
84111.5252
84198.5087
84207.3218
84242.9366
84281.7943
84365.0261
84374.5381
84396.8143
84401.7325
84401.7760
84433.2358
84519.4504
84525.9293
84557.5909
84587.7897
84608.5022
84624.2849
84638.9212
84665.7296
84694.5359
84714.6981
84716.1737
84722.3840
84728.3382
84731.1642
84744.5441
84747.1876
84749.9324
84759.0705
84759.2058
84791.9525
84839.3599
84903.4414
84916.5201
84926.8903
84951.7998
84989.9616
85037.7902
85071.3295
85107.4291
85117.0387
85185.1994
85190.2685
85232.8553
85247.2454
85270.1265
85280.5153
85338.4330
85352.2402
85357.4830
85372.7592
85388.4494
85447.3728
85726.6110
85729.1843
85740.6374
85749.5939
85751.4311
85765.4707
85766.1185
85782.6032
85819.4503
85827.4503
85843.3708
85886.0637
85889.4347
85950.4764
86028.1678
86029.7856
86041.5629
86050.7045
86071.3150
86075.4880
86168.2705
86183.9110
86214.6336
86216.2779
86239.5580
86255.2564
86272.5695
86308.0092
86312.3451
86324.7476
86330.6763
86356.4379
86375.5530
86465.5591
86479.7573
86485.0761
86592.2266
86595.8766
86611.1557
86669.9247
86758.5136
86790.0608
86823.7886
86827.7724
86835.6615
86847.3202
86926.3912
86940.4798
86964.4678
87053.0185
87101.6570
87115.0659
87166.6182
87191.7821
87271.2391
87284.1404
87285.3439
87381.8939
87513.8987
87571.7470
87584.5303
87590.3737
87616.5502
87656.4646
87669.2160
87708.5371
87711.6961
87720.4266
87884.0164
87934.1737
87937.1699
88307.0886
88468.5806
88479.9992
88678.3154
88680.0311
88696.0486
88750.4230
88777.3292
88790.9146
88820.0851
88886.2893
88901.7456
88970.3669
88987.5558
88999.6095
89011.3024
89032.1499
89067.6299
89182.0643
89185.4926
89200.6200
89205.0964
89256.6728
89290.7206
89338.7852
89365.0759
89367.5144
89383.8541
89411.0262
89682.5026
89753.2114
89783.5485
89783.6439
89784.3609
89786.1695
89805.0900
89867.2254
90118.3064
90137.3396
90226.8480
90267.3127
91007.0862
91173.5466
91291.5368
91320.1779
91480.3170
91610.7841
91684.3194
91719.5660
91984.1493
92078.5925
92267.0741
92331.3630
92423.4924
92489.3268
93812.2802
93922.5523
94662.9774
94842.7835
94908.6940
94985.5619
95131.9361
95214.3861
95347.0494
95627.8160
95658.7818
95764.5695
95907.0490
95943.5614
95974.5701
96098.1501
96137.1566
96157.6972
96188.7187
96240.1336
96292.5850
97199.4309
97265.3382
97674.9561
97726.9705
97789.3505
97792.0980
97917.8328
98526.6246
98564.6887
98660.7030
98712.2193
98932.2939
98941.7146
99176.8427
99331.0295
99656.9480
99768.4082
99801.6958
99812.3561
99827.6918
