7998	0	34481.0827	40819.3017	33113.51530409203	59368.63587590917	77067.90221328277	92525.53114167944	0.07998
15.5696
45.2587
54.1316
77.9394
93.7191
130.7472
135.1497
135.8454
145.4196
147.3849
153.0032
153.7576
162.8942
164.0338
167.2475
170.2777
181.6619
182.5376
196.2992
197.1711
206.4732
207.6734
212.6735
215.6310
218.2504
219.0385
225.5275
234.2965
235.4783
236.0179
243.4049
262.3663
265.2814
315.8561
324.5411
329.5421
347.2060
360.4112
385.6553
390.0239
412.7103
413.4771
413.8107
419.3307
419.8981
422.4384
423.6367
425.3815
426.4254
426.8650
439.4757
451.2132
451.5852
463.2693
464.5474
472.8594
474.1326
480.1135
480.3182
485.5448
489.0661
496.9831
504.3275
510.0902
517.9436
518.3157
530.9104
533.2312
535.8880
539.1238
541.4108
543.4275
550.1599
558.2265
560.1927
567.9420
585.4576
595.6656
596.9365
604.6306
611.8937
639.5343
659.0897
677.1058
678.2313
684.3092
697.8472
718.5988
719.0619
719.2886
722.4587
724.9833
725.0176
725.6256
730.1798
733.1191
734.2033
752.9292
753.6221
768.6766
775.0311
781.2487
782.4379
782.8704
798.5655
806.7648
809.6083
817.3011
847.9026
855.1698
865.4851
877.6970
911.9461
913.8446
938.0001
947.2342
960.5066
971.8713
989.9949
1005.6273
1034.5342
1045.6870
1045.7037
1062.7269
1075.6976
1093.0821
1099.4967
1110.4563
1120.5471
1131.8726
1137.2286
1143.1650
1146.7481
1193.6242
1194.2135
1197.4173
1202.8837
1204.2605
1208.0764
1212.5094
1220.6310
1224.8447
1235.8774
1246.7820
1256.2917
1258.6217
1264.9350
1269.2642
1273.2794
1277.3645
1284.6929
1287.4320
1288.1300
1291.7879
1292.1954
1304.6038
1305.9224
1306.6651
1307.0151
1310.4418
1310.8270
1314.7768
1318.5256
1323.6005
1327.4586
1329.9631
1347.8676
1350.8525
1358.5164
1358.6671
1368.8858
1372.8771
1375.2035
1376.1269
1401.0340
1418.7186
1419.8585
1460.6927
1467.9698
1481.4099
1497.0985
1510.8869
1528.7216
1606.5364
1607.4591
1616.2210
1619.2217
1623.3436
1641.4153
1641.8695
1649.0267
1653.6664
1656.2805
1667.0789
1673.0215
1680.0113
1688.6502
1693.0132
1698.6923
1700.4844
1702.1367
1702.7981
1705.7246
1710.3287
1712.8161
1722.3285
1737.4653
1742.2611
1743.0015
1746.2319
1770.0282
1802.8328
1804.2607
1850.7847
1870.0167
1881.2465
1886.5924
1891.5592
1892.8243
1899.2830
1931.8313
1938.3894
2040.9986
2086.6301
2089.0212
2090.5743
2113.2855
2122.4807
2131.8111
2133.5331
2158.1775
2158.4828
2161.5320
2162.4517
2167.1315
2174.2881
2174.7312
2182.9063
2187.4106
2201.9729
2202.9446
2203.0545
2204.8810
2205.1174
2218.0035
2239.0717
2255.6705
2265.2574
2306.5749
2308.0113
2311.7204
2343.0692
2343.7173
2346.5412
2352.7197
2353.2759
2357.3129
2376.5589
2406.6170
2409.7813
2431.3104
2431.6596
2431.6983
2434.3200
2437.0750
2441.6827
2442.7082
2446.9362
2448.0885
2452.3915
2456.4700
2462.2280
2466.9351
2480.8954
2486.8841
2493.4304
2494.4705
2499.8113
2500.2684
2501.8226
2533.6674
2542.0660
2542.2502
2561.7603
2566.0990
2567.2886
2568.1368
2569.5691
2571.1947
2572.6224
2595.0910
2600.5412
2611.7454
2618.1243
2620.1411
2626.5689
2629.2928
2631.1756
2633.9005
2634.3160
2636.8346
2637.7087
2650.5271
2654.8420
2668.4746
2671.7337
2690.3604
2694.7047
2700.5675
2715.1679
2715.6007
2722.4192
2724.0747
2727.2322
2733.6564
2738.8693
2748.2037
2751.4067
2766.3877
2774.6220
2776.1937
2789.0674
2796.5872
2800.3105
2821.9822
2824.4917
2833.0583
2839.3931
2846.4943
2855.6378
2858.5200
2868.7539
2869.1691
2891.0421
2901.1179
2934.3374
2972.1055
2974.3492
2974.9328
2975.3675
2978.0249
2979.8649
2991.8236
2994.1309
3008.1754
3023.8365
3024.0048
3039.9419
3041.7100
3042.9497
3057.2038
3058.9907
3068.3050
3092.8185
3125.8680
3127.9633
3135.8954
3145.2249
3158.1955
3165.0402
3193.1704
3193.3969
3196.0370
3206.4162
3224.9943
3225.1840
3226.4648
3228.6505
3232.3743
3235.2505
3235.6467
3236.4982
3249.4739
3256.7943
3258.0824
3260.9112
3262.0007
3267.6667
3268.3087
3269.3287
3277.4574
3277.8347
3279.4751
3284.7834
3286.3929
3307.3713
3308.5237
3328.6362
3350.2308
3358.8472
3388.5951
3416.9579
3431.5651
3436.8778
3437.3308
3447.7738
3459.0828
3481.4892
3486.0290
3537.5861
3553.1769
3565.2546
3566.0125
3585.3752
3587.7455
3620.3293
3623.3236
3635.5202
3636.5740
3645.3832
3646.0561
3646.8441
3647.8100
3652.0428
3653.5460
3657.2515
3658.5623
3661.5861
3672.7203
3680.6666
3688.0994
3691.0039
3698.8115
3719.9918
3723.5586
3732.2147
3734.0522
3736.4649
3740.4855
3743.9716
3756.4287
3758.9206
3765.3821
3766.5711
3795.8572
3810.6509
3810.6517
3821.1939
3822.3494
3823.0934
3840.2952
3848.4787
3849.5692
3864.9351
3895.6039
3919.1680
3941.3797
3949.8331
3951.4539
3956.8670
3960.9991
3974.7998
3978.5293
3978.8672
3979.7872
3980.3035
3995.0271
3996.4290
4012.4605
4013.9986
4020.7945
4025.2760
4026.1631
4040.7878
4042.4815
4048.1454
4051.2395
4068.6095
4079.1606
4098.5778
4106.5262
4119.8532
4123.9397
4126.4063
4127.2099
4136.6656
4145.8158
4154.9106
4177.4232
4194.8836
4204.8643
4211.1310
4232.7884
4249.1064
4265.6503
4268.4745
4278.6489
4297.4055
4324.3179
4341.9871
4346.2198
4351.1808
4352.8629
4360.4910
4382.9578
4399.8218
4409.2754
4410.7220
4411.0972
4434.6231
4437.4987
4437.5420
4439.9542
4458.9684
4466.5423
4470.6204
4487.0450
4487.2909
4496.7838
4521.2936
4525.5123
4526.2612
4536.1694
4551.3174
4563.0992
4573.5021
4592.3344
4594.4616
4639.1718
4640.2107
4647.0310
4647.1128
4647.5440
4649.1921
4649.9007
4653.1483
4657.8564
4659.9757
4660.0792
4661.0428
4667.1755
4667.9433
4668.0550
4670.5049
4678.4138
4681.6257
4682.0235
4686.2947
4687.0878
4687.7845
4700.6504
4722.6137
4735.2487
4739.1101
4746.4052
4751.8472
4757.3182
4761.6907
4763.0756
4765.4722
4770.2202
4859.3513
4863.5667
4883.9693
4908.0157
4931.3578
4932.1553
4942.5732
4962.9294
4976.8859
4979.0149
5020.0760
5030.3376
5038.6022
5049.1159
5050.8360
5060.5737
5061.0669
5066.2147
5066.2680
5069.7839
5071.6891
5077.5402
5118.7246
5119.8866
5120.4065
5138.8040
5155.3801
5166.7179
5174.7749
5176.3269
5205.1458
5208.4371
5209.0927
5209.3961
5217.3944
5227.4656
5232.1164
5234.9845
5237.3393
5242.4748
5247.5517
5250.6551
5254.6239
5258.7125
5260.0520
5264.2046
5267.7260
5276.2547
5281.9534
5290.8235
5305.7092
5309.3180
5340.3960
5352.7422
5352.8632
5359.6001
5377.7550
5387.3271
5389.7588
5403.5214
5404.3409
5413.5968
5431.3198
5434.9729
5447.7609
5454.4300
5477.0498
5480.6573
5481.7422
5491.5000
5500.9370
5503.9586
5506.3563
5510.2314
5518.1038
5530.8776
5537.1203
5548.9458
5549.9330
5557.7455
5559.5799
5559.8223
5563.7133
5579.4344
5579.4459
5585.4536
5596.8752
5598.5030
5611.4029
5613.0057
5614.5312
5614.7764
5633.6255
5651.8312
5662.2406
5666.9646
5681.3927
5681.7924
5698.9835
5702.6234
5703.9274
5714.3930
5716.4521
5720.0208
5721.5295
5728.0191
5734.6129
5758.4715
5805.9252
5828.8229
5829.6615
5831.3901
5838.6180
5847.5573
5847.8026
5848.1340
5868.3084
5869.2272
5874.9218
5880.7751
5881.5469
5907.6016
5909.5573
5913.6606
5925.3998
5926.5365
5928.1385
5932.3415
5935.5308
5937.3479
5939.8297
5966.2904
5975.7200
5979.0536
5989.5233
5991.0456
5994.5215
6003.5892
6022.2903
6023.0707
6027.6128
6028.2574
6051.9240
6056.9782
6073.0147
6119.7901
6131.6383
6134.2018
6134.6011
6139.0751
6148.3917
6151.0755
6155.8165
6174.2724
6177.3059
6189.0382
6190.1159
6193.9261
6203.5448
6207.8297
6242.8875
6268.6763
6298.0644
6308.4329
6310.0943
6312.0837
6333.2042
6346.1484
6347.2625
6347.7686
6352.9827
6358.7448
6359.1739
6359.5791
6359.6950
6368.2568
6369.3584
6372.9161
6376.8385
6377.5115
6389.1973
6406.2145
6420.4404
6421.0318
6428.3474
6450.4419
6482.9668
6483.1648
6485.1862
6516.5362
6516.7215
6529.2049
6530.2075
6530.3400
6530.3610
6539.1711
6545.4455
6546.2076
6551.3351
6555.4891
6557.3467
6561.0489
6577.8524
6588.9889
6595.6645
6598.4290
6600.3691
6602.5029
6629.0339
6650.6032
6661.6050
6673.9319
6678.5287
6699.1239
6700.3411
6717.8178
6721.9398
6726.2823
6729.5543
6735.7500
6738.6519
6740.5742
6743.1621
6746.9212
6758.0995
6761.4878
6764.4115
6787.4503
6792.9518
6857.7304
6859.8632
6872.7952
6883.8873
6884.0717
6889.5630
6925.7524
6946.2680
6972.4082
6975.4015
6977.3606
7002.2963
7006.5276
7011.4017
7031.9630
7045.1869
7045.6696
7061.9146
7063.0514
7064.0046
7073.2540
7079.0693
7087.1569
7113.1540
7126.6450
7127.3708
7144.3962
7179.1179
7186.3499
7194.2634
7197.4251
7203.6996
7217.6218
7220.0486
7220.2522
7223.8100
7225.7321
7228.1334
7240.5695
7245.2510
7246.3808
7272.3618
7280.4280
7287.7539
7319.3459
7319.4609
7326.4452
7344.9700
7345.0245
7352.4329
7356.1208
7356.8769
7358.3387
7359.3282
7360.2855
7361.7608
7361.9964
7370.4286
7373.9192
7374.7728
7379.7297
7380.6675
7382.5402
7382.5419
7385.7785
7393.0219
7395.7817
7410.4122
7414.3162
7415.7546
7420.1051
7421.6806
7439.2723
7439.3045
7441.8566
7442.4994
7452.9299
7453.1243
7456.0754
7473.7801
7488.5976
7489.2931
7491.2776
7495.4675
7501.8167
7515.3796
7520.5008
7521.9660
7522.7722
7523.7445
7524.8132
7536.6744
7537.7613
7541.2982
7541.6741
7542.8392
7547.8046
7549.3260
7556.4753
7560.3497
7564.9080
7565.0701
7568.0837
7568.2047
7568.9882
7574.3963
7584.5475
7587.9069
7591.6511
7595.4840
7611.9012
7614.4481
7618.5760
7628.7551
7636.7998
7641.1221
7657.0416
7668.9028
7669.8320
7670.4911
7670.7034
7670.7818
7671.8796
7673.0427
7675.4815
7676.9855
7684.2110
7687.7910
7690.1053
7692.2104
7696.6246
7698.7761
7703.3062
7709.9091
7716.0406
7717.1000
7717.2610
7729.0030
7734.2212
7735.7071
7740.3378
7744.2320
7747.4398
7754.5795
7756.2780
7756.7680
7772.5313
7778.0976
7780.1474
7785.7062
7794.4776
7794.6328
7807.0163
7807.1829
7816.2344
7824.5543
7827.6083
7834.1602
7858.6163
7867.6629
7877.3468
7881.2326
7887.6879
7898.8728
7933.4409
7941.5950
7942.5571
7953.2800
7954.5719
7960.0955
7963.4490
7968.5138
7973.9053
7974.3749
7978.0366
7978.9747
7988.2257
8000.6707
8000.8111
8014.2799
8022.6258
8026.2447
8032.5238
8040.6666
8041.6832
8042.1419
8064.0650
8065.0832
8076.9277
8078.9571
8090.6717
8101.6473
8115.9970
8126.1590
8127.6693
8128.5157
8129.1455
8129.9499
8130.6773
8130.8916
8138.8362
8152.2706
8173.9987
8190.3764
8190.9540
8191.6223
8194.3169
8201.1727
8205.2106
8232.7756
8235.4296
8251.1945
8286.0888
8297.1322
8297.8550
8299.9674
8301.2452
8310.7551
8311.5681
8314.8173
8323.5710
8326.0791
8330.9334
8348.3469
8353.1411
8356.0201
8357.1795
8357.4631
8358.6194
8402.1278
8407.7817
8420.3349
8424.2572
8441.0605
8461.0663
8490.0725
8492.5148
8495.7830
8508.1636
8512.2182
8514.7583
8537.1822
8540.4712
8546.5661
8551.4789
8556.1606
8556.3377
8558.6100
8558.7583
8559.9441
8560.6128
8563.1810
8563.6400
8570.0573
8571.6182
8573.3538
8576.1335
8577.1074
8586.8592
8589.7679
8589.9448
8590.9306
8593.9081
8606.2079
8606.3515
8615.2913
8617.4317
8620.9351
8623.1497
8624.5679
8625.8765
8626.3969
8628.5567
8635.3615
8635.4251
8639.6401
8639.8333
8644.6509
8654.1015
8659.1201
8664.2819
8672.1687
8682.6898
8742.3924
8770.7789
8798.0117
8806.4634
8808.8304
8825.3374
8825.5358
8826.4975
8845.5817
8863.0506
8872.1974
8874.3714
8874.4275
8875.9193
8893.1399
8912.1673
8915.4457
8931.0585
8936.5852
8939.3490
8955.2750
8960.4192
8966.2555
8967.5540
8976.7190
8997.4960
9030.2472
9040.0468
9045.4440
9053.9365
9073.7590
9093.9867
9135.8757
9140.2057
9141.6535
9147.6049
9148.4485
9149.6392
9152.6157
9154.4283
9155.0748
9168.1675
9174.8426
9180.4436
9188.8013
9190.9700
9232.0136
9240.0151
9242.0535
9257.9301
9259.8598
9260.6788
9262.2526
9263.3410
9270.3309
9270.5524
9293.8370
9295.9233
9314.9598
9341.6401
9346.2326
9352.9133
9381.2025
9391.1189
9393.4979
9393.8478
9405.4584
9408.5556
9417.4459
9417.9334
9426.2309
9449.6646
9456.6918
9467.2341
9467.6775
9470.6980
9489.3318
9537.3198
9578.4677
9610.3057
9619.0207
9630.9864
9653.5516
9654.8472
9659.7203
9662.2610
9663.1200
9667.4544
9670.0207
9688.3379
9691.5287
9691.5499
9694.4355
9697.3111
9703.4696
9705.0736
9712.0967
9717.8533
9718.1654
9720.5995
9729.4807
9739.2841
9745.3082
9746.1225
9761.6133
9766.7424
9773.4428
9774.0877
9776.2565
9784.2454
9786.1522
9789.0811
9796.9683
9801.5850
9809.9587
9812.4275
9821.5485
9838.8593
9879.6734
9888.0469
9888.4258
9891.9149
9897.5431
9906.9068
9906.9332
9908.8142
9910.5760
9910.7786
9914.9419
9936.2030
9939.3420
9943.4255
9944.5986
9945.6781
9950.6700
9955.0692
9966.7225
9967.5506
9969.5273
9970.9384
9973.2577
9973.8145
9999.7091
10006.4948
10056.6693
10081.3669
10118.8730
10121.8352
10126.1465
10138.3270
10145.8105
10198.6949
10212.1657
10220.2354
10229.2926
10229.7110
10244.5514
10249.5191
10263.5460
10265.6809
10268.7535
10269.0319
10269.4908
10270.1246
10295.4183
10298.0111
10299.5931
10309.3718
10319.7536
10320.0808
10320.1424
10325.9218
10326.8107
10333.5050
10338.9058
10340.8169
10349.4374
10364.7462
10368.1365
10372.0727
10379.6860
10384.0697
10386.1200
10389.2716
10389.5310
10391.4887
10403.7029
10404.4760
10404.7083
10405.7704
10415.5158
10424.1207
10425.5216
10427.0451
10430.1090
10437.6583
10441.1038
10443.9931
10450.1388
10450.3653
10464.9777
10468.6298
10471.2017
10474.1384
10474.3141
10483.6497
10487.1047
10499.4667
10500.5803
10506.7139
10506.8467
10508.4913
10511.5396
10520.0221
10527.3036
10556.9494
10557.8173
10587.3886
10599.3311
10600.5176
10610.1395
10620.9892
10621.3587
10630.9982
10633.7008
10637.0036
10637.4891
10642.3646
10651.3590
10653.2394
10653.3107
10653.6822
10656.5077
10658.2401
10662.9279
10667.6959
10673.3706
10686.9795
10688.2966
10707.6589
10717.8366
10729.3245
10731.9884
10737.9195
10742.5260
10748.3226
10758.2490
10760.6563
10775.5626
10794.1557
10800.4686
10803.8038
10805.5941
10815.1351
10822.9347
10831.7513
10831.8100
10833.5320
10841.8329
10843.1116
10847.4713
10850.5687
10851.0860
10855.2588
10864.5598
10884.0248
10884.3743
10889.4283
10891.0502
10894.2700
10906.6910
10920.7020
10934.3775
10938.2419
10943.4522
10945.9270
10946.0813
10952.4623
10956.8107
10957.6461
10962.5860
10963.0044
10963.5689
10991.2003
10998.5869
11005.3342
11036.1444
11049.2809
11049.9724
11051.6373
11085.1570
11108.3218
11114.8496
11141.0717
11161.9728
11168.5862
11184.0903
11202.6160
11221.9297
11223.1404
11234.5759
11237.6272
11241.3250
11254.5638
11261.4906
11266.4521
11276.2780
11285.6136
11294.6552
11295.5091
11307.4283
11311.7997
11314.2762
11324.2968
11331.9295
11332.5006
11334.6126
11337.6159
11339.5847
11341.4134
11351.4214
11354.9112
11366.1130
11367.9681
11378.8671
11382.6387
11382.8814
11385.0542
11392.1670
11393.7115
11394.6143
11402.6577
11409.2795
11426.1664
11432.1242
11437.7920
11442.0347
11443.7849
11443.9244
11445.4678
11455.1880
11457.7827
11465.5258
11480.1321
11484.7223
11491.3862
11501.2598
11504.6098
11512.2225
11521.1461
11522.8129
11562.8853
11590.0414
11696.3067
11705.0102
11734.9053
11740.9452
11760.2116
11768.3675
11785.5778
11786.9862
11788.3607
11799.0055
11808.4387
11810.5224
11821.1220
11828.4594
11828.8118
11829.9761
11836.1415
11840.5202
11846.3750
11850.4934
11855.3314
11880.4424
11890.6128
11913.0585
11915.6070
11916.6663
11918.9098
11933.2642
11960.7370
11961.4779
11966.8762
11998.8042
12016.0628
12026.0234
12047.1096
12054.4214
12054.5469
12054.8207
12057.2738
12066.0775
12067.2803
12068.9918
12071.6418
12071.6862
12072.4049
12077.6731
12081.3921
12095.0237
12111.6413
12115.6314
12119.1881
12122.4117
12136.2356
12144.5752
12158.0855
12179.7799
12181.7561
12182.7960
12202.4456
12205.8851
12209.0325
12219.2603
12233.5763
12242.6945
12253.3939
12271.9841
12272.7033
12276.3539
12280.4721
12283.4488
12285.9257
12286.6653
12292.9727
12301.8044
12304.4337
12306.1686
12311.4835
12318.8366
12360.0696
12374.1455
12410.5582
12411.7742
12415.6243
12417.3280
12453.0832
12483.0239
12487.1361
12500.4473
12509.3020
12509.9021
12516.7681
12520.8867
12528.4616
12532.3300
12534.7731
12536.6400
12539.8792
12548.9871
12549.5552
12566.2664
12587.7648
12588.2243
12591.1198
12593.6523
12605.3965
12605.4514
12611.0313
12612.2613
12613.4385
12614.0805
12625.7841
12636.2519
12648.2156
12651.8580
12689.5232
12748.8556
12751.0763
12760.6882
12763.4537
12764.8268
12775.7020
12776.8535
12779.3860
12785.2497
12796.7549
12814.0472
12867.4775
12901.3876
12920.0309
12926.5739
12935.5734
12945.7181
12968.5208
12970.6496
12979.5170
12982.8651
12983.6941
12991.2039
12993.6699
12999.4942
13010.4543
13034.1527
13036.2579
13039.0763
13042.5095
13051.3445
13056.2945
13057.4517
13061.0124
13069.8601
13088.3870
13092.6560
13093.7354
13103.9180
13108.0029
13112.8896
13113.2421
13118.5230
13128.1407
13130.6816
13135.4841
13141.1990
13141.8439
13156.5737
13156.5825
13172.1808
13186.2521
13234.4150
13245.0616
13251.3687
13255.4157
13261.0351
13266.8146
13286.8594
13334.3857
13361.9750
13377.7376
13388.7396
13397.7277
13408.1451
13417.7606
13455.0589
13468.2901
13484.9889
13491.8296
13511.4185
13531.0671
13542.4490
13542.9954
13545.6610
13548.2841
13561.4134
13566.4313
13574.8730
13577.9823
13578.6218
13597.1728
13602.1528
13603.9421
13609.1470
13610.8898
13612.7057
13628.4608
13631.1334
13634.4979
13637.7638
13641.8426
13643.7739
13647.9256
13648.5479
13651.3171
13656.0850
13656.3720
13659.0440
13659.1911
13661.0340
13661.8015
13661.8027
13666.3029
13669.0338
13671.0785
13681.2364
13684.5278
13700.4806
13701.4046
13707.9493
13709.2998
13715.3851
13719.3563
13726.5938
13741.8670
13755.5809
13759.0036
13782.7327
13791.3555
13791.7228
13795.3360
13821.7176
13834.8578
13839.3516
13868.7570
13961.4419
13995.9415
14024.9816
14051.9034
14052.1471
14060.7666
14061.8153
14078.9021
14089.1281
14090.1971
14091.3871
14100.3944
14101.5544
14102.1861
14111.6896
14115.9835
14119.0975
14121.7811
14127.2846
14132.5088
14133.8796
14139.1793
14139.3233
14143.2053
14147.6953
14151.5638
14154.6871
14155.1942
14159.7706
14162.2468
14165.8328
14170.7397
14171.8790
14176.8848
14177.9423
14187.9038
14191.1545
14193.2457
14197.8167
14199.3193
14219.0894
14222.5670
14227.6189
14234.1674
14249.4590
14270.9425
14276.0773
14280.6993
14292.0890
14318.2306
14327.3440
14334.1408
14347.4424
14357.9353
14363.3041
14369.8676
14374.8131
14378.2727
14392.7160
14394.7078
14400.9336
14414.3548
14420.3246
14440.1405
14457.4802
14458.0842
14464.9050
14477.6626
14487.3687
14505.9992
14506.4013
14544.1766
14549.3577
14552.7412
14586.9527
14616.3251
14621.7377
14624.9881
14654.4069
14656.8493
14659.4550
14660.8293
14666.6131
14670.7949
14670.9381
14681.0949
14685.4283
14687.0148
14700.1864
14705.0428
14705.4077
14716.4211
14717.0717
14722.3459
14723.7070
14731.9806
14734.5460
14746.1405
14769.4736
14784.2034
14784.6345
14788.4991
14799.0482
14800.6369
14804.6661
14804.9902
14806.7922
14808.3143
14815.4776
14820.5929
14825.6958
14835.8523
14848.7016
14870.5818
14880.5730
14889.7089
14959.0043
14968.0948
14973.6987
14994.3470
15004.0574
15012.3965
15024.3712
15044.6528
15047.5379
15055.3113
15065.9748
15070.1373
15070.3137
15079.4511
15089.5778
15096.1852
15105.5851
15108.9897
15143.2015
15144.3401
15148.1238
15168.0095
15169.5597
15175.7017
15186.5474
15205.8600
15211.0697
15215.9447
15233.9452
15249.6430
15250.8733
15252.7004
15278.2345
15291.8894
15294.9127
15298.8855
15310.8488
15315.7005
15344.1858
15345.0473
15351.3942
15353.3965
15353.5301
15358.6784
15363.1837
15373.8077
15378.2973
15380.2952
15382.2590
15386.4878
15390.3742
15397.4798
15410.3921
15417.6037
15423.9913
15427.6084
15431.9776
15433.7396
15438.7998
15445.3252
15459.8205
15463.9810
15473.2142
15473.5773
15475.2118
15479.0627
15490.0603
15490.6422
15500.7868
15503.0899
15508.0234
15508.8478
15522.6999
15527.6833
15530.9715
15534.0835
15536.9588
15538.5929
15542.5773
15544.0369
15547.6962
15564.2054
15566.7199
15620.8986
15630.4959
15633.3608
15637.0646
15640.7256
15644.9073
15648.0517
15669.5966
15673.8864
15676.1695
15679.3913
15682.6479
15683.1858
15687.0768
15687.9682
15688.7400
15693.5386
15698.6158
15701.0919
15702.0571
15705.3971
15709.0836
15710.5695
15711.5133
15715.6905
15718.8383
15724.3367
15725.7851
15732.6183
15763.5048
15763.7348
15768.6554
15771.3509
15776.0927
15776.2729
15778.5208
15779.3536
15779.7960
15785.8575
15786.8367
15793.4101
15795.9301
15825.7092
15829.9492
15834.4102
15848.4463
15851.4251
15854.0335
15858.3615
15859.4286
15870.7034
15879.0000
15895.0497
15895.8037
15897.5777
15903.5765
15912.8919
15922.8006
15951.5435
15984.2879
15990.1509
15994.1409
16001.0965
16001.5765
16028.7684
16043.2599
16045.8791
16060.0341
16071.1680
16117.7344
16168.7835
16170.4407
16171.6251
16190.1003
16200.8054
16201.4405
16206.2779
16212.1423
16235.1801
16243.3609
16259.3747
16260.9770
16270.4263
16279.3046
16286.0443
16289.8345
16290.0756
16290.8487
16296.1618
16298.3866
16302.8931
16307.0350
16312.6028
16315.1092
16322.2573
16323.9068
16324.2371
16326.0775
16326.4528
16330.9693
16334.4497
16335.8129
16350.5035
16362.4471
16382.4023
16384.2578
16419.5881
16425.0171
16448.0731
16470.6663
16471.2768
16481.1791
16509.4468
16512.9160
16514.6865
16518.2306
16521.2997
16522.8931
16529.1310
16545.9661
16548.6069
16552.1751
16561.6106
16563.4715
16575.0468
16582.3305
16588.1610
16588.6619
16590.6257
16591.8469
16596.4881
16608.7221
16612.3199
16613.2841
16615.1649
16622.8421
16631.6631
16634.4402
16689.4333
16694.1740
16770.6328
16772.4769
16777.8639
16790.5742
16791.0415
16793.9588
16803.8826
16807.2441
16809.7369
16811.7836
16825.3608
16826.9690
16830.2107
16830.4991
16831.8354
16842.4887
16843.2587
16853.7263
16854.3712
16856.1674
16856.7461
16857.3077
16862.8061
16872.7739
16874.9755
16877.1462
16883.0582
16883.3216
16887.5915
16891.3512
16892.6900
16895.7532
16907.5960
16910.6494
16938.3748
16942.4645
16950.6317
16956.3625
16959.1036
16959.7476
16979.7840
17004.8920
17006.7280
17009.3015
17011.9897
17033.1930
17041.0776
17068.8631
17079.2673
17083.3896
17110.6187
17171.4236
17191.3645
17201.7541
17202.9879
17210.1188
17212.0996
17226.0069
17227.4348
17229.4132
17230.3759
17237.8218
17238.8673
17244.6030
17251.8657
17253.2287
17261.6104
17266.1928
17278.0829
17295.9152
17301.4904
17304.7009
17316.0740
17320.0283
17327.9155
17341.2909
17357.1365
17363.1759
17368.8188
17373.5320
17380.6886
17383.0605
17388.8052
17393.0610
17393.6926
17396.4949
17397.2726
17399.9257
17401.2844
17402.2700
17407.3807
17409.3694
17410.8447
17411.8429
17415.2511
17415.6401
17417.5469
17417.9110
17422.2306
17425.7686
17430.0773
17432.9437
17441.4369
17450.9474
17452.9006
17456.3669
17459.5683
17462.5619
17470.0566
17476.8843
17488.8236
17489.2407
17492.9903
17494.7146
17506.2659
17507.8080
17513.1977
17535.1177
17541.5157
17551.8350
17585.8172
17600.2954
17630.3280
17635.4642
17637.1185
17638.5941
17653.3081
17664.9892
17678.2334
17682.9588
17683.2571
17684.9465
17691.9017
17698.4427
17711.3856
17719.9032
17723.1300
17743.9577
17748.6321
17794.1170
17808.0879
17815.6109
17818.7199
17822.6311
17823.8539
17825.6154
17828.9007
17832.3215
17834.1685
17848.6076
17856.6711
17857.4110
17869.3455
17880.7364
17883.1479
17898.7675
17921.0744
17924.2921
17932.0005
17944.8641
17949.4301
17949.9766
17979.0495
17980.9342
17985.2774
17991.6044
17995.2032
17997.2092
17999.7471
18046.1088
18060.6818
18065.5535
18069.6421
18074.7267
18077.3673
18078.5161
18090.6464
18122.5677
18127.7553
18137.0732
18143.6139
18143.8780
18144.5484
18147.8460
18150.9997
18152.3983
18181.5871
18212.8657
18222.8943
18229.8404
18234.3218
18234.5804
18258.2400
18259.2838
18265.7444
18267.7806
18299.0364
18299.1984
18302.5530
18309.4244
18334.3281
18337.1605
18350.9741
18360.5670
18361.7559
18363.6944
18364.9216
18366.1624
18369.3103
18371.4384
18383.7320
18401.8333
18409.9316
18412.5485
18426.4812
18433.6853
18440.8685
18442.0477
18442.7720
18445.6880
18453.6824
18459.5435
18468.0319
18477.9879
18493.2057
18493.8651
18495.9172
18499.7933
18502.9768
18504.3297
18504.4868
18507.7715
18508.3076
18508.3908
18508.7038
18511.1030
18516.2578
18530.7791
18552.9945
18553.4849
18553.8184
18568.9852
18569.6295
18572.2855
18578.7949
18582.6256
18585.6040
18586.2001
18586.2306
18587.6483
18588.1012
18589.9490
18590.1117
18593.8464
18596.2823
18597.6282
18606.2186
18607.4304
18613.5388
18614.9154
18615.5464
18624.7646
18629.6745
18632.0551
18645.8310
18649.9432
18660.8717
18665.5072
18675.8668
18675.8808
18682.9013
18682.9318
18688.2335
18688.8965
18696.9880
18723.3400
18731.8432
18744.2836
18755.9073
18769.2069
18799.4330
18823.4685
18837.5069
18845.4402
18857.4190
18881.9351
18916.7286
18920.5755
18929.6791
18931.3007
18935.6500
18948.0982
18948.6663
18951.6575
18971.8434
18982.2069
18992.6189
18993.5136
18995.3178
18996.6967
18998.3703
18999.0828
19007.5657
19012.7094
19042.6682
19042.9015
19056.9477
19057.7997
19094.5661
19104.5020
19106.0483
19106.1130
19109.8192
19111.2155
19114.8073
19118.0497
19120.0608
19151.9506
19162.8372
19164.3881
19165.5249
19170.6571
19172.5908
19201.7415
19205.5829
19218.7818
19241.0110
19248.1945
19264.1427
19264.3771
19266.0619
19269.7514
19274.9287
19276.9131
19280.9414
19291.5837
19297.6211
19307.2627
19355.7641
19360.8659
19372.1816
19398.3985
19400.2910
19400.3562
19401.8890
19407.8190
19414.1633
19418.7427
19419.2059
19432.4438
19433.3290
19433.7372
19434.4722
19435.7911
19436.6443
19451.7497
19457.9132
19461.1415
19463.1643
19463.9516
19464.2044
19465.6749
19466.8771
19467.0432
19474.7557
19476.8617
19490.7133
19494.4673
19495.9120
19501.1194
19507.6864
19512.0700
19527.3481
19533.8602
19542.2668
19558.4347
19566.0293
19572.2865
19580.8496
19581.1608
19598.7988
19599.0996
19609.2214
19620.6590
19635.8915
19636.5219
19644.6068
19683.7889
19704.5154
19709.7057
19711.0330
19713.1763
19714.7292
19727.2939
19728.9317
19748.0372
19750.0667
19753.4426
19754.9654
19756.6320
19761.9586
19764.8407
19795.4983
19797.4387
19807.9714
19811.3204
19824.4154
19827.9900
19834.3214
19843.8139
19844.0512
19868.5751
19880.8915
19882.2477
19894.2599
19950.2777
19966.1600
19968.0897
19968.3768
19970.9185
19971.1575
19976.7232
19988.6318
20000.0047
20000.4168
20006.3071
20012.0176
20017.0670
20023.4033
20024.8404
20030.0637
20063.7673
20074.0130
20075.6448
20079.8563
20080.6731
20080.9365
20086.8968
20090.0733
20090.6263
20096.4968
20101.5863
20107.5164
20114.5644
20115.4857
20143.9591
20148.1644
20148.1818
20148.4468
20149.7718
20150.6117
20152.0875
20159.0265
20167.9115
20176.3462
20177.9564
20181.5820
20190.6365
20193.8094
20193.9075
20201.4636
20215.8103
20216.6101
20221.3146
20224.4912
20226.8482
20235.0809
20238.1972
20263.0826
20303.9502
20313.3795
20319.4765
20337.6711
20345.8815
20346.1324
20349.6470
20350.1136
20353.2821
20361.2609
20366.9595
20367.7092
20386.9761
20387.1630
20390.7995
20395.0906
20400.5736
20404.9634
20407.2651
20414.9377
20419.6292
20432.7253
20441.2911
20446.4903
20450.7818
20461.7353
20465.2829
20466.2279
20467.7622
20468.4837
20471.4955
20476.1086
20476.3256
20477.1939
20501.1716
20561.2177
20564.4365
20564.7875
20569.2553
20572.3553
20573.0135
20573.6058
20575.8152
20587.2699
20588.4644
20591.6145
20599.0820
20616.7154
20620.0584
20624.2543
20626.6506
20632.5754
20636.3751
20646.4513
20653.7565
20654.4826
20658.8785
20668.0036
20689.3387
20689.9374
20710.2574
20713.5702
20726.4592
20738.9549
20744.2458
20761.5325
20778.7392
20782.4312
20787.3204
20790.7176
20800.9590
20802.5667
20856.1008
20864.5849
20919.7328
20922.8204
20936.8105
20949.5166
20951.3926
20952.5474
20954.7664
20966.7349
20969.7219
20970.1118
20977.0843
20978.0021
20982.3230
20984.2360
20984.4157
20992.2575
21028.1481
21058.5718
21061.4965
21076.0351
21077.1447
21077.5012
21077.9137
21097.5021
21097.8828
21100.4182
21106.0760
21107.0034
21107.5113
21107.8522
21112.1179
21135.2516
21151.7741
21154.3995
21164.2248
21169.3596
21181.8154
21203.3268
21220.3351
21234.0159
21240.0262
21241.4634
21243.4422
21257.2671
21257.3209
21269.9033
21272.8658
21275.7526
21279.3280
21292.5869
21298.7720
21303.4031
21307.2988
21322.6887
21322.8770
21325.5107
21325.7152
21326.8981
21332.0728
21334.1335
21336.0849
21347.7550
21353.2295
21360.6516
21363.1177
21373.4862
21374.2284
21396.6043
21403.3951
21404.1377
21406.3343
21423.3139
21423.6033
21425.7286
21433.3871
21438.3985
21446.9658
21449.2542
21475.8697
21485.3413
21488.9670
21498.6131
21517.9399
21529.0883
21546.1196
21554.7427
21566.7276
21589.9229
21612.3988
21618.3833
21633.1153
21640.0418
21642.6389
21644.3537
21649.6356
21658.7316
21665.1506
21670.2413
21672.4630
21672.6067
21674.5164
21676.6872
21679.1730
21684.4098
21685.4605
21691.4024
21693.9833
21694.3489
21745.9385
21748.7164
21751.4514
21754.6822
21757.2235
21782.7447
21795.9150
21816.2794
21835.8925
21837.3081
21841.8913
21854.9411
21857.0110
21878.2859
21883.7359
21936.4677
21943.3334
21953.9049
21957.3710
21967.0035
21968.3895
21970.9713
21971.3537
21971.6945
21972.9723
21981.9268
21982.4697
21986.4079
21987.3380
21987.7026
22010.4138
22011.5758
22013.1132
22031.7283
22045.7668
22050.8913
22051.1698
22055.1595
22056.5063
22057.7245
22060.6760
22071.0296
22074.5823
22077.4917
22090.3235
22092.1864
22105.7190
22111.6774
22112.6158
22137.4505
22153.4819
22160.7548
22166.9179
22176.2575
22179.6051
22189.7392
22212.6463
22213.3379
22217.0622
22218.1676
22224.9805
22237.8356
22249.4566
22262.1437
22270.7407
22280.6123
22303.6945
22304.5661
22330.0781
22330.1709
22331.9894
22374.6269
22374.8582
22380.0322
22381.1151
22412.9432
22424.9160
22426.4388
22429.4200
22429.8562
22430.6877
22434.4119
22440.1668
22440.2596
22444.5282
22450.7313
22461.9363
22470.9447
22476.2058
22478.1556
22480.0299
22481.6848
22484.7715
22486.0814
22498.4999
22500.5563
22509.1221
22521.0117
22521.4965
22521.9157
22529.0376
22545.1653
22549.4380
22558.5225
22567.2673
22582.5125
22593.3713
22597.8143
22599.2231
22604.8306
22607.4040
22612.1601
22619.7254
22621.5666
22631.7572
22635.1045
22635.9922
22644.9007
22647.5411
22649.1831
22651.6428
22654.0981
22657.5250
22661.8387
22663.4455
22663.7742
22666.2780
22670.7059
22672.3930
22676.3563
22682.0673
22683.0156
22690.0999
22690.2735
22696.0446
22696.7388
22697.6639
22721.3004
22722.3161
22722.7378
22726.1982
22727.1482
22742.9369
22744.4847
22744.7729
22791.1755
22820.5177
22824.8512
22829.3927
22837.2010
22844.5196
22847.7294
22850.8051
22864.2503
22872.6991
22874.6250
22876.6844
22881.5904
22884.6430
22885.1661
22887.0220
22887.4161
22893.2426
22894.7992
22901.6956
22903.6026
22903.8938
22907.2361
22911.3125
22914.0214
22920.1777
22924.4253
22929.3496
22937.8835
22947.1111
22947.6881
22956.7470
22960.7039
22981.2116
22990.3927
23002.0645
23007.6073
23007.7530
23008.8317
23020.8435
23022.7123
23023.0411
23029.8555
23034.2395
23040.6963
23067.4397
23069.8150
23070.2238
23070.7120
23078.1844
23078.2379
23079.9814
23083.4319
23089.0808
23095.4550
23096.7874
23108.0205
23108.7974
23116.1004
23119.2538
23120.4685
23134.1759
23135.3671
23141.5687
23146.0867
23155.2924
23166.9528
23176.0403
23220.6701
23231.2206
23240.3244
23260.8255
23269.1193
23277.7136
23280.3164
23285.9005
23289.3318
23290.1383
23294.1428
23296.0818
23301.9289
23302.2043
23304.4888
23312.4771
23322.3364
23328.3080
23335.9854
23339.4791
23345.1193
23349.1275
23354.0675
23395.3513
23402.7668
23406.7412
23412.2361
23413.4543
23423.2475
23432.0105
23436.0540
23448.0063
23459.6892
23469.2366
23475.6579
23492.1602
23492.3164
23497.6683
23515.7842
23525.0458
23543.6531
23554.5633
23556.6852
23557.6767
23569.6846
23569.7789
23580.5986
23599.2261
23602.1557
23609.7058
23614.0094
23623.7477
23650.3437
23653.9787
23668.0918
23672.9773
23684.6031
23690.7575
23691.7262
23701.1587
23701.4896
23710.4518
23710.4838
23717.7238
23718.6008
23734.4812
23736.4791
23738.6538
23745.0825
23781.0400
23812.2172
23824.4513
23824.7966
23837.6018
23841.2382
23874.7459
23895.9908
23905.2350
23924.7858
23949.9289
23959.2356
23960.4030
23966.9060
23979.7350
23984.7459
23985.9815
23994.6705
24011.9030
24015.2755
24032.0845
24059.9297
24073.7313
24097.3889
24102.3017
24120.9931
24131.5348
24136.5099
24144.2870
24153.8047
24155.5391
24156.6098
24157.9992
24164.5869
24166.8760
24179.9025
24194.5865
24196.9352
24209.7351
24213.8378
24237.1759
24267.6113
24272.0421
24273.6248
24280.9295
24292.7182
24308.4273
24313.4188
24314.7664
24319.6537
24324.5909
24329.8967
24336.0966
24337.0786
24349.2388
24365.7747
24367.3411
24369.3703
24381.0976
24386.6540
24418.2280
24421.3681
24421.7459
24427.7709
24453.8768
24454.2281
24466.0526
24486.9696
24494.9009
24520.0679
24543.2465
24547.1468
24549.0301
24559.5726
24561.2162
24652.8460
24664.0619
24669.5603
24691.2261
24698.1756
24699.7305
24713.4065
24727.1757
24741.1609
24749.4921
24777.2022
24778.5952
24789.9245
24791.7893
24809.6748
24815.3973
24825.0182
24829.5368
24833.2425
24837.4562
24837.9064
24838.8713
24842.9175
24845.1908
24849.3105
24865.1464
24869.5805
24883.6193
24884.0745
24886.5229
24889.8296
24902.0554
24928.9052
24948.7231
24963.2359
24988.3632
25005.7276
25005.7989
25013.0368
25028.9970
25045.7135
25076.3285
25091.4717
25095.6451
25115.3923
25124.1817
25133.1608
25136.7648
25137.0800
25139.4990
25144.1301
25148.1241
25148.2057
25149.3534
25151.6128
25156.6780
25156.9607
25159.6655
25160.4253
25160.7009
25164.9971
25168.7446
25175.4351
25180.4627
25180.8845
25183.7335
25183.8260
25193.7785
25201.2663
25203.5583
25204.5851
25205.4044
25208.4243
25210.0479
25211.5294
25220.9933
25223.8100
25227.0408
25227.3053
25228.9283
25248.0428
25285.4286
25292.5415
25303.9380
25304.9102
25307.2131
25316.3745
25317.6831
25320.8686
25321.4919
25330.9343
25349.7134
25350.1216
25355.9061
25367.9595
25372.8731
25375.9084
25377.9297
25389.6755
25398.7124
25403.1146
25410.2381
25411.1855
25411.5226
25417.8282
25418.1450
25424.8908
25427.6481
25428.7285
25432.3657
25461.6351
25466.0646
25466.9800
25467.8171
25479.6486
25482.3893
25483.3858
25501.5298
25503.1233
25510.7702
25521.7173
25529.8219
25531.3987
25531.8945
25542.1966
25547.2885
25571.4064
25584.9285
25591.9379
25593.4102
25594.5699
25616.5513
25618.0024
25631.1991
25731.5610
25735.5977
25752.2537
25757.5962
25770.5997
25775.7601
25779.6544
25781.0739
25792.6911
25796.5780
25799.4163
25802.7317
25805.5967
25810.5055
25825.6656
25839.6884
25840.9639
25844.3703
25844.6090
25848.0614
25850.6863
25855.0563
25860.6765
25864.2114
25865.6166
25866.6840
25871.6647
25874.0750
25875.7226
25877.7228
25896.7417
25923.0805
25931.1251
25932.3326
25947.9795
25948.5908
25952.5780
25957.1686
25957.2863
25960.3845
25974.2517
25981.1058
25983.8304
25984.9956
25988.7499
25994.3682
26009.7562
26012.4556
26018.7435
26040.4771
26055.1159
26061.0281
26066.7164
26068.2172
26069.5583
26078.4454
26079.0842
26079.5964
26081.7820
26082.2598
26128.1507
26148.4888
26163.7980
26172.3843
26172.6715
26174.0124
26174.8496
26179.5702
26191.5697
26197.5866
26198.3497
26201.0887
26204.6817
26225.8818
26232.8162
26235.3503
26239.3346
26240.2831
26245.5908
26248.2241
26259.5117
26268.4442
26298.6386
26299.2784
26301.6557
26302.9599
26306.5502
26306.9027
26310.4540
26312.6626
26316.9451
26320.3344
26323.2220
26328.3276
26333.0781
26344.7800
26345.3970
26364.7446
26375.5065
26377.4257
26380.6995
26382.8229
26383.0617
26388.4822
26396.2470
26415.3823
26445.0273
26461.6608
26512.4700
26518.6702
26522.7141
26525.1519
26526.5512
26527.0310
26547.2847
26566.3319
26575.7237
26579.8032
26592.2502
26608.4236
26619.6339
26623.2906
26632.7454
26650.6222
26678.2053
26690.7297
26693.8218
26696.4637
26722.1819
26723.1916
26727.6150
26729.9106
26743.1789
26753.1355
26759.7825
26768.7894
26781.2479
26793.4839
26812.6203
26814.6832
26833.8247
26877.2206
26894.3628
26896.0375
26904.3382
26942.7970
26943.0319
26951.4707
26955.4521
26967.9669
26975.0224
26985.4571
26996.4559
26998.2779
27003.2226
27030.2395
27037.4954
27037.8198
27040.5928
27040.6103
27045.4295
27050.8131
27058.7739
27077.1124
27083.9463
27109.0069
27123.6164
27139.5382
27149.3858
27152.8735
27153.9222
27163.8276
27165.6597
27207.3136
27274.2807
27287.0740
27316.7259
27319.6301
27321.3123
27331.2387
27331.3853
27333.2243
27335.6328
27337.7382
27349.2767
27353.7407
27355.0284
27357.1287
27360.6002
27374.0749
27379.9783
27383.4527
27395.3295
27407.2144
27418.5491
27419.5616
27496.9756
27546.1085
27557.3608
27557.3802
27561.2354
27563.4743
27569.7765
27570.0944
27570.8104
27592.1317
27592.7635
27593.8980
27594.9180
27599.7328
27620.6623
27633.7363
27658.7752
27666.0601
27688.2244
27690.0524
27705.1983
27714.5283
27721.9288
27722.6740
27722.8180
27736.1256
27737.9072
27739.2071
27741.4526
27741.4952
27741.5282
27741.7301
27742.6870
27742.8412
27742.8682
27746.9579
27748.4674
27755.9284
27757.9149
27765.4581
27789.8761
27793.6765
27797.6862
27799.4789
27802.9684
27812.8429
27816.6336
27823.0175
27863.2922
27866.8923
27866.9634
27875.3639
27888.9712
27896.3583
27897.8429
27901.8380
27916.0039
27923.4919
27962.7421
27963.8673
27963.8761
27964.1679
27969.0093
27984.9833
27985.1952
27986.3302
27986.7114
27990.3014
27993.5585
27993.8653
27995.2324
27996.7469
27998.7836
27999.8776
28004.6988
28012.3710
28018.1307
28022.0122
28022.1326
28024.0126
28029.5867
28029.7851
28057.0400
28076.2584
28090.3842
28095.8939
28100.7758
28113.2891
28120.0061
28126.0120
28144.6156
28150.0271
28152.9728
28154.9148
28160.7592
28168.6933
28176.4378
28186.2297
28189.0380
28189.8797
28197.2659
28199.9578
28226.2728
28231.1591
28233.1158
28238.3171
28239.1350
28239.9611
28242.2659
28244.8359
28262.2615
28265.2885
28269.1059
28269.4848
28269.6799
28269.7905
28270.5578
28286.5715
28295.0199
28299.3165
28301.0243
28306.8202
28312.0171
28312.9194
28319.6427
28322.8188
28334.1878
28341.0888
28354.3923
28359.5246
28376.5886
28399.6296
28408.9345
28410.9075
28419.7436
28425.8265
28429.3012
28447.4864
28450.8725
28456.4550
28472.1921
28495.9828
28509.0929
28510.9965
28512.6309
28514.6589
28535.3556
28539.9580
28557.5519
28560.1602
28569.5501
28569.6186
28590.9304
28619.7422
28631.5616
28633.3688
28635.4205
28638.7359
28652.7518
28659.5142
28667.3590
28670.6649
28682.9776
28684.7854
28693.2429
28706.0536
28707.6812
28734.0334
28750.9026
28754.3790
28767.4565
28816.4663
28820.6778
28821.4907
28849.7275
28868.6211
28888.4916
28891.8018
28892.9748
28899.6065
28915.5870
28930.2252
28945.9253
28947.0830
28984.9600
28993.1006
29000.6703
29034.7972
29046.4138
29049.2455
29052.4370
29055.6918
29062.6778
29066.2051
29069.6008
29071.4917
29084.6650
29096.3386
29100.9266
29102.5812
29103.7574
29107.1562
29112.8764
29121.8761
29134.4132
29139.8663
29146.2785
29147.3450
29152.1647
29165.5399
29177.2779
29180.8282
29203.9273
29216.5175
29219.0177
29219.8966
29223.2147
29234.5355
29236.9642
29240.9682
29243.2945
29245.8973
29257.1208
29263.7347
29266.7859
29278.1187
29279.5937
29306.9154
29352.2790
29358.7207
29359.1776
29364.9561
29365.0371
29365.7846
29365.7945
29365.8834
29369.3122
29370.7884
29370.8491
29374.2700
29375.2925
29381.1759
29381.6236
29383.2077
29386.8440
29394.2161
29409.6450
29415.8037
29419.0250
29428.7446
29434.2899
29437.7520
29445.3307
29452.1137
29460.4782
29465.8575
29474.4473
29485.3944
29487.2838
29498.3508
29508.0048
29513.4391
29515.1954
29519.8799
29524.1300
29534.2485
29544.1349
29571.0321
29572.6753
29573.6487
29574.4138
29576.7481
29583.0881
29614.1687
29632.8993
29643.0312
29645.2227
29647.3610
29663.6342
29674.3411
29700.8607
29703.8331
29711.1717
29730.9241
29740.2267
29750.4820
29751.5824
29754.3162
29766.4847
29774.5358
29786.1964
29790.2537
29795.9178
29796.5260
29800.4375
29802.4798
29803.5840
29808.3448
29809.7889
29811.6117
29815.7501
29827.1355
29835.7293
29856.3319
29863.6930
29870.8404
29876.5790
29876.6366
29878.1929
29893.9166
29899.7665
29918.1767
29949.7949
29954.1267
29954.2234
29955.6390
29986.7328
29993.2346
29997.1911
30028.5441
30031.8096
30059.1580
30066.3740
30075.1645
30086.7051
30125.6842
30159.8596
30166.7054
30171.2311
30173.7106
30175.0171
30179.6540
30181.7017
30188.2564
30193.1358
30199.7067
30203.2497
30204.5444
30213.4032
30215.0613
30222.0897
30224.2929
30224.4931
30227.9798
30228.5012
30234.4727
30237.3220
30239.6659
30242.5947
30243.9052
30245.0962
30249.3133
30252.7937
30254.4210
30260.1138
30261.4852
30264.2341
30266.7447
30281.0257
30284.2453
30292.0205
30344.6927
30346.4259
30347.2968
30347.6921
30352.8861
30354.3260
30354.5062
30355.5636
30370.7707
30390.5073
30412.1331
30417.9298
30425.1793
30433.7387
30439.5217
30472.4426
30520.5914
30520.8023
30525.0806
30529.0322
30537.0773
30547.4053
30560.5845
30567.6606
30593.4030
30606.6804
30617.1780
30619.6350
30621.4506
30629.5332
30645.2449
30651.3310
30674.1507
30691.4541
30709.6271
30725.2304
30728.4559
30730.8147
30736.4204
30740.2372
30749.9450
30758.6615
30794.5731
30798.2379
30800.8974
30801.5537
30803.7546
30804.3800
30820.2579
30827.9499
30830.1544
30844.1646
30849.3008
30852.2929
30854.5476
30860.9189
30887.4837
30904.5790
30916.3123
30920.8456
30948.1784
30951.2224
30958.0267
30964.7790
30970.6441
30977.8246
30978.5536
30998.7051
31005.6772
31010.4814
31013.0984
31018.3433
31024.2065
31027.3291
31030.5870
31035.6951
31074.3476
31098.6997
31099.0000
31101.5851
31102.7491
31105.2623
31111.5491
31117.0553
31132.1763
31170.8098
31204.1457
31213.3842
31222.5318
31238.0649
31247.5551
31274.9765
31332.1359
31362.9612
31366.2139
31382.6054
31385.7836
31455.4332
31456.4282
31458.6509
31469.9903
31485.7753
31511.9858
31518.4611
31519.3776
31524.0225
31524.6731
31525.0461
31527.6384
31528.4362
31529.3809
31529.4558
31540.9003
31546.5571
31549.4116
31554.3378
31568.7777
31570.4757
31571.2756
31575.1601
31584.0373
31585.0883
31585.2058
31586.7776
31606.3265
31608.3629
31612.4470
31614.0566
31614.5470
31615.4187
31621.8728
31623.7050
31629.2898
31630.9708
31633.0606
31638.2861
31638.8233
31640.2169
31643.1753
31649.1196
31657.6213
31659.2417
31663.8580
31664.9269
31674.9458
31676.4838
31680.4594
31691.5803
31710.1680
31715.6512
31732.3181
31732.5057
31733.8205
31746.7346
31759.2954
31763.6026
31772.0753
31775.9472
31783.6860
31796.7724
31802.0223
31803.1031
31811.8199
31814.6938
31818.7018
31824.5907
31824.6825
31825.7780
31842.1168
31862.0391
31889.0325
31905.3300
31925.1554
31929.2549
31951.2894
31960.9896
31961.2815
31971.9480
31980.4891
31992.2723
31995.4070
32002.3570
32015.8874
32016.1789
32028.8536
32029.8738
32038.4147
32046.2359
32062.2954
32074.7896
32095.8301
32107.5045
32129.3542
32130.9422
32133.5941
32148.8178
32164.3971
32182.0335
32185.4596
32186.7521
32194.3649
32211.7816
32220.9998
32223.5912
32238.1485
32246.3046
32249.4417
32251.9025
32257.5631
32262.1677
32269.5127
32273.9152
32277.6040
32301.6290
32306.8407
32318.9080
32334.3835
32340.4541
32352.8381
32360.6946
32374.9959
32383.7028
32396.4331
32421.0008
32423.0310
32429.1727
32448.9812
32465.4177
32470.1122
32480.6332
32483.8460
32488.5945
32490.9914
32493.2247
32535.7766
32552.2887
32552.6419
32568.5890
32583.8829
32608.3729
32614.1263
32624.9384
32625.3542
32639.8291
32643.9082
32717.8767
32722.8134
32735.3653
32746.0343
32764.6518
32767.0013
32773.0397
32799.4378
32799.7586
32803.2299
32806.7623
32811.2852
32813.8407
32822.1827
32834.3740
32842.0562
32844.8558
32847.0044
32853.2602
32854.2039
32891.5286
32898.0380
32898.5362
32903.4610
32906.0390
32906.9489
32909.9723
32948.4930
32956.8589
32973.1574
32975.5326
32977.5791
32982.1584
32982.8096
32983.1280
32984.8848
32984.9179
32988.6751
33001.0863
33012.6818
33013.5237
33014.0290
33019.2327
33025.7916
33025.8611
33026.4114
33030.6189
33032.3557
33034.9939
33036.2216
33037.6775
33038.3544
33063.0281
33066.0934
33090.1027
33092.8872
33103.3218
33111.8360
33112.6211
33113.5153
33132.6942
33137.2798
33141.6535
33145.2070
33155.7197
33163.1321
33175.1953
33194.5770
33200.0644
33204.3965
33208.7528
33209.2193
33210.4375
33225.7926
33234.1789
33244.9680
33253.1770
33254.9167
33256.6416
33256.6993
33262.0063
33273.9537
33275.3103
33284.7220
33297.8039
33345.7579
33347.8759
33355.0970
33361.6087
33383.4815
33387.3520
33389.9654
33391.0974
33398.2472
33402.0954
33409.0475
33421.0390
33432.4825
33444.8350
33456.5740
33459.2163
33463.6087
33471.1419
33479.4857
33482.8307
33484.5304
33486.3906
33490.5939
33493.4856
33503.8260
33509.2401
33522.1388
33547.0721
33551.0627
33561.7934
33574.1834
33589.1479
33607.5147
33619.4737
33619.9255
33621.5054
33631.4812
33652.7937
33664.9861
33665.4961
33665.5298
33667.7205
33669.7359
33683.9946
33684.2866
33690.9265
33705.8021
33707.8847
33709.2812
33712.3311
33712.3488
33717.7084
33718.1575
33720.5546
33730.4377
33733.0535
33733.4128
33741.2914
33746.7389
33766.2865
33789.7908
33790.1564
33799.6478
33802.7529
33809.0324
33811.5923
33812.5311
33820.5088
33822.6804
33827.3076
33833.3418
33838.2990
33840.4791
33844.7863
33854.7573
33858.1431
33863.1055
33863.8731
33864.1960
33870.5418
33884.1763
33885.2394
33886.6542
33891.8945
33893.0714
33925.7475
33939.8878
33950.2105
33965.3031
33978.1238
33981.8273
33983.2557
33984.4550
33988.4858
34003.1068
34007.2862
34014.2923
34018.2429
34025.0156
34030.4982
34031.1889
34034.6737
34039.4023
34041.0761
34064.3465
34064.7848
34066.9063
34078.9574
34081.4082
34081.7034
34082.4786
34083.8961
34086.8642
34088.2069
34097.6385
34106.5912
34153.3990
34174.6069
34181.1186
34191.5911
34195.0572
34200.1269
34202.4871
34237.2504
34239.1564
34241.6844
34248.7762
34268.3950
34277.9896
34281.8902
34282.2297
34283.1834
34286.9747
34289.0874
34292.1753
34299.3169
34301.9523
34304.8099
34310.1198
34312.6084
34321.9533
34343.1624
34346.7805
34351.9357
34361.9656
34365.3524
34366.9719
34383.0378
34383.9036
34384.1026
34398.9430
34402.2014
34403.3211
34408.7030
34412.2528
34415.7916
34416.0385
34420.9696
34426.9534
34438.6292
34441.2095
34447.2912
34459.7021
34462.9690
34467.5662
34471.6134
34472.6559
34474.9778
34477.2848
34480.6641
34482.8426
34483.5370
34486.7152
34489.3899
34489.9756
34493.4744
34495.3985
34498.8003
34499.4877
34502.9223
34509.6671
34517.3460
34526.2245
34537.9398
34551.8931
34552.9721
34570.3268
34570.6729
34585.9783
34587.2579
34598.5777
34629.1253
34637.2698
34640.1191
34658.2703
34664.1778
34672.8042
34703.3672
34711.9675
34712.4917
34735.2019
34736.0939
34736.7668
34743.5297
34746.9116
34748.2334
34754.0578
34761.7106
34762.9280
34768.7812
34804.2705
34806.3932
34879.9739
34894.1242
34905.9004
34980.7040
34983.9214
34984.7406
35008.3457
35008.4168
35008.5025
35011.3099
35018.2815
35018.7805
35019.6342
35031.4671
35069.3801
35074.4800
35083.9632
35095.0482
35133.0203
35177.2899
35211.8038
35236.0450
35242.5147
35249.7217
35252.0396
35257.8476
35258.6012
35349.7103
35367.2818
35367.4112
35368.7630
35374.4817
35441.0820
35446.8244
35452.7073
35460.9725
35461.8237
35463.1636
35482.5624
35486.0043
35488.4261
35491.3114
35499.4414
35503.0256
35508.8900
35518.0009
35530.3840
35531.4977
35534.9311
35537.1764
35542.0833
35542.3369
35554.0610
35581.6723
35594.1423
35602.3678
35612.7045
35618.0572
35626.6567
35628.8571
35654.7334
35680.7381
35727.8576
35742.1742
35743.4320
35750.6589
35755.0935
35774.9202
35796.9934
35800.4509
35807.3913
35812.4353
35816.9109
35818.0741
35821.6171
35822.5911
35826.6932
35829.2133
35836.0468
35838.6501
35845.6249
35848.8534
35849.4423
35851.6438
35852.5285
35859.8750
35860.4700
35891.0503
35893.1852
35904.2419
35921.5312
35926.1902
35937.6620
35947.8885
35956.1418
35958.3698
35967.8410
35968.6796
35970.4926
35988.3549
35991.9841
35999.5633
36004.6854
36007.8616
36008.7808
36011.0069
36013.9881
36029.5326
36040.6659
36042.4058
36044.4951
36045.1566
36046.6030
36046.6634
36052.4498
36077.7618
36083.7695
36084.4732
36085.5261
36089.1404
36090.1008
36092.9071
36097.1396
36098.3993
36105.1857
36105.9587
36111.7434
36122.8894
36132.7751
36134.6980
36161.1865
36174.7163
36235.7838
36239.9969
36245.2364
36250.7611
36253.4889
36255.7823
36269.7510
36270.8496
36279.8880
36284.1281
36297.1614
36299.6334
36313.5579
36325.0361
36327.0911
36347.7452
36352.8191
36358.8697
36366.4239
36374.9448
36377.1647
36381.6253
36388.3762
36391.0701
36404.0793
36407.3042
36409.8210
36411.2887
36413.8370
36426.0559
36438.6489
36441.5266
36444.8578
36455.5323
36458.1764
36494.3134
36497.2803
36498.5675
36543.4442
36545.2741
36566.3933
36568.2815
36585.9286
36599.4885
36600.0562
36602.6145
36603.5194
36614.7888
36660.7860
36664.8677
36665.2444
36666.5970
36669.2776
36675.0443
36682.3288
36692.6366
36715.7251
36743.5127
36747.4700
36756.8925
36764.2213
36764.5317
36783.2144
36799.1483
36838.0649
36842.7995
36843.0462
36848.6243
36855.3222
36872.8454
36877.5310
36888.5335
36900.2483
36926.2080
36961.5975
36963.2988
36969.0413
36969.2941
36970.4751
36989.3516
36993.8351
36998.4462
37017.9783
37025.2639
37030.6845
37032.0286
37033.5582
37035.0728
37036.2580
37050.6457
37054.2626
37057.4804
37062.0230
37064.1155
37064.9354
37065.9616
37065.9702
37086.1496
37090.7446
37106.1310
37111.2843
37123.0311
37137.4769
37142.7774
37142.9053
37163.1360
37193.7133
37196.2179
37216.6677
37225.4719
37226.9135
37246.4410
37260.2643
37274.5900
37286.9265
37302.2662
37302.8935
37309.5583
37311.7324
37323.1505
37329.1295
37331.7440
37336.0334
37352.9535
37367.7157
37372.8356
37384.9879
37391.8650
37394.1768
37397.7006
37400.3327
37413.3577
37443.2531
37445.3383
37449.9034
37453.6740
37459.4941
37465.4188
37466.0588
37468.5992
37471.1953
37478.0835
37494.5479
37494.9601
37499.5977
37503.4148
37510.0818
37519.7161
37551.7817
37555.4658
37567.3963
37584.5590
37586.1074
37588.1808
37588.4915
37595.8964
37598.7535
37600.4810
37610.0651
37612.4490
37620.0757
37622.0973
37627.0911
37637.3338
37645.0300
37649.6216
37671.9560
37703.1939
37705.5335
37708.4593
37709.0741
37729.9524
37742.3610
37744.6336
37774.9787
37781.1243
37783.0427
37789.9268
37790.1383
37799.9488
37799.9600
37807.4844
37809.5597
37835.8958
37837.2714
37851.7840
37852.4053
37859.6794
37860.6749
37863.6095
37872.2310
37881.8626
37882.9664
37883.0237
37887.8082
37892.6648
37900.1906
37904.8084
37914.1388
37917.1659
37918.1092
37947.7810
37957.1923
37961.2057
37964.3376
37976.3537
37980.2591
37981.2304
37982.6692
37999.2159
38000.0848
38001.3793
38001.7256
38001.7997
38011.1911
38012.7751
38021.0233
38023.6869
38025.8210
38031.1410
38034.8986
38036.3909
38054.3062
38061.9352
38073.3724
38113.0688
38113.3276
38122.9943
38138.2057
38152.0923
38175.9170
38203.1294
38211.9551
38226.8077
38239.7572
38277.4897
38296.8449
38303.3608
38308.6928
38313.3367
38321.4838
38324.0400
38333.2921
38335.2101
38336.5516
38369.3588
38377.1635
38418.6090
38419.5528
38428.9718
38432.4599
38434.8467
38440.2167
38446.8793
38447.6090
38449.1031
38450.6940
38457.0115
38483.4163
38500.2484
38518.5540
38527.7466
38535.2766
38546.3651
38547.9708
38553.4663
38559.7365
38561.5748
38566.6543
38569.6667
38571.0740
38574.3535
38576.1666
38576.6259
38580.7174
38581.6019
38582.4295
38585.1300
38586.3536
38594.5602
38599.2080
38600.2852
38600.8254
38603.6815
38603.9574
38604.0490
38604.1983
38613.3276
38614.7357
38626.6904
38628.2273
38633.0553
38636.0231
38639.8233
38640.6277
38641.7048
38641.7469
38642.6064
38649.7662
38656.8042
38668.7960
38669.2159
38676.7733
38679.9953
38685.9604
38695.4968
38699.1288
38699.3879
38699.8058
38716.4374
38724.8522
38729.7609
38730.9524
38733.7341
38734.1515
38737.1991
38737.6707
38737.8183
38738.2996
38746.9915
38752.9358
38755.4662
38757.7209
38761.2609
38765.5149
38767.9865
38773.0175
38778.9532
38782.0717
38791.6131
38795.4757
38806.8858
38827.3987
38855.7217
38878.3201
38886.4754
38886.5805
38891.5179
38894.0255
38897.4986
38921.8745
38927.3948
38941.7722
38943.8446
38954.5982
38959.3563
38969.8667
38970.8542
38976.0786
38978.8176
38979.0409
39048.1630
39053.3545
39066.5349
39072.0519
39074.1636
39076.3253
39081.4962
39104.6175
39106.7894
39109.1806
39119.0236
39125.8957
39132.0573
39135.3495
39153.0055
39178.9922
39186.7086
39189.4579
39190.4592
39194.7819
39195.2775
39220.5985
39223.1197
39224.7444
39235.9825
39245.1719
39246.7501
39250.3327
39252.1591
39274.9138
39291.7457
39293.1954
39323.1029
39323.7351
39337.3054
39347.5714
39349.2332
39349.8686
39352.3078
39357.6593
39371.4171
39372.2678
39372.9835
39373.2428
39374.9001
39376.2744
39377.6770
39383.0870
39385.6456
39390.7892
39395.0561
39395.5804
39396.6760
39404.4544
39404.6199
39409.4395
39409.7857
39425.1051
39428.6526
39429.6322
39440.6259
39447.3048
39449.2521
39454.0755
39492.4881
39535.5001
39562.1937
39562.4435
39563.1128
39568.3558
39575.8083
39580.3761
39586.4029
39587.5390
39598.5963
39598.9839
39602.2798
39602.3024
39604.5409
39613.1586
39616.7501
39630.8181
39635.9277
39638.5737
39644.9832
39645.5396
39675.0150
39678.9383
39693.5371
39707.4220
39714.4191
39716.8020
39723.8903
39730.3362
39733.3838
39743.9447
39768.5614
39774.0895
39782.2889
39797.2086
39804.6514
39812.1602
39815.9213
39816.3460
39837.3049
39846.6240
39853.5898
39864.5138
39868.6333
39870.3932
39878.3519
39883.7788
39903.1073
39903.8461
39908.6609
39909.8898
39915.4124
39916.0218
39919.0399
39923.9571
39933.0531
39933.1541
39945.3190
39952.1898
39956.5342
39957.5059
39958.9883
39986.4677
40005.5243
40023.1890
40040.1793
40057.7792
40073.0947
40073.3334
40082.2104
40097.1722
40101.2862
40107.9646
40147.1961
40168.9024
40169.1125
40182.5658
40201.3443
40202.1525
40202.2957
40206.4089
40212.3642
40213.4339
40215.0867
40215.6986
40216.1942
40218.8979
40219.4843
40268.2913
40269.4444
40275.5989
40280.7816
40285.4432
40286.0166
40286.6306
40295.5079
40297.0314
40299.3457
40300.1426
40311.5942
40312.0240
40313.1788
40319.2385
40327.1003
40331.9341
40335.6426
40336.6971
40339.5754
40348.2910
40353.2830
40353.7742
40354.8516
40356.8115
40360.8309
40369.0967
40375.2541
40396.8004
40411.8524
40412.1182
40421.4462
40423.0829
40425.5535
40425.5938
40426.5309
40428.0399
40433.1593
40435.5761
40439.9830
40467.1805
40483.1799
40483.5242
40488.5956
40491.4259
40492.5691
40493.9715
40496.4271
40549.2209
40549.5574
40555.7062
40585.8705
40600.1670
40620.5380
40640.1834
40645.6518
40654.6281
40668.8354
40672.6657
40698.2577
40718.0894
40723.6508
40725.1132
40729.2125
40734.2184
40734.8060
40749.6945
40751.2955
40752.9415
40767.1584
40770.3638
40776.7834
40781.1126
40784.7559
40793.4516
40803.6819
40806.0465
40812.9684
40841.5443
40847.1639
40856.1844
40878.5158
40897.3980
40958.3482
40963.4944
40963.5089
40964.7811
40966.1255
40978.0907
40992.4847
40999.6401
41002.0262
41002.1922
41010.6800
41011.6123
41012.1655
41014.9974
41021.0473
41022.2021
41024.5702
41037.8119
41038.7780
41044.4479
41044.9152
41045.2496
41049.4418
41051.6728
41061.9648
41062.8956
41070.3917
41099.0647
41101.7274
41102.4816
41102.7313
41105.3699
41112.1722
41112.7031
41117.9493
41120.0169
41121.8788
41124.2532
41127.6833
41145.8785
41147.7484
41170.9061
41185.9084
41191.5401
41203.6568
41209.7580
41219.3796
41240.0928
41254.9047
41284.5680
41291.3577
41315.2734
41333.1344
41339.2590
41344.6327
41345.4479
41348.1351
41353.1928
41373.5435
41381.9915
41388.8729
41392.6404
41392.9085
41394.3601
41395.6945
41401.5787
41413.1773
41418.0566
41421.4687
41421.9871
41427.0472
41436.0774
41436.4747
41438.4532
41449.0959
41462.5076
41464.8487
41467.7380
41469.9574
41471.4482
41496.1730
41515.9543
41523.7863
41529.4770
41536.0063
41547.6142
41556.5206
41566.7152
41570.1270
41577.9756
41581.7624
41597.2961
41602.1919
41604.7409
41605.6485
41605.8386
41606.1672
41624.2708
41626.1713
41627.3476
41645.2742
41655.1970
41658.7114
41663.3096
41665.0259
41674.9928
41679.6924
41684.2712
41708.9269
41714.4042
41722.3355
41722.8137
41727.1858
41733.7353
41733.8933
41734.4183
41739.4509
41740.4915
41742.3538
41744.6766
41745.7637
41751.4779
41752.6389
41753.8441
41756.3146
41757.3096
41769.6665
41777.4806
41791.3608
41792.0298
41792.4669
41807.8114
41813.3384
41819.7051
41835.5798
41844.8522
41862.5806
41863.2013
41863.8901
41864.5051
41864.9275
41875.1058
41880.5880
41882.5385
41887.7296
41893.0303
41902.3334
41907.9618
41914.6082
41915.0907
41916.8158
41919.0540
41928.6023
41936.7322
41942.9424
41959.3024
41963.2793
41963.8768
41965.6688
41971.7776
41975.1926
41985.3267
41988.8285
41992.7455
42006.0405
42007.0787
42014.9631
42021.2083
42024.6787
42041.8254
42054.0743
42080.3345
42102.0095
42126.5175
42148.6726
42194.3566
42196.1890
42200.0771
42204.7323
42207.2341
42215.8177
42218.1708
42221.1455
42223.4328
42223.9914
42245.1968
42251.7329
42259.4970
42264.4632
42275.4821
42277.3586
42290.5925
42294.5828
42296.2247
42296.5531
42297.2765
42300.6491
42303.6110
42314.8908
42319.1133
42327.2083
42350.6851
42354.6992
42360.6246
42393.4853
42393.5915
42423.1987
42459.7023
42475.4081
42491.7294
42498.0774
42509.9313
42524.9630
42531.6611
42531.8341
42536.2171
42557.1008
42563.2684
42564.5018
42567.4096
42575.0861
42580.6606
42583.8993
42597.9739
42623.4566
42638.6455
42646.4437
42658.8423
42676.0829
42679.7949
42687.8155
42711.9085
42717.0756
42719.2236
42725.1116
42726.4590
42733.5417
42736.0551
42739.3837
42742.0868
42770.1387
42770.2049
42802.2495
42805.4707
42830.3813
42830.5264
42866.9841
42897.7687
42907.9249
42917.9337
42918.0097
42959.6568
42976.1712
42978.1095
42978.2012
42979.0686
42995.9124
43005.9423
43010.2162
43012.5810
43016.4922
43038.8684
43053.8112
43068.8034
43070.9956
43072.8187
43074.4703
43074.7910
43081.7084
43087.4245
43092.6138
43098.4995
43115.4057
43121.8324
43123.7974
43148.0176
43169.0041
43169.3577
43176.9108
43180.7866
43185.3747
43187.1799
43187.4044
43193.4121
43193.5318
43198.0119
43200.3312
43201.1178
43203.0645
43209.3618
43224.6886
43238.4604
43241.5859
43241.6342
43243.0438
43254.2247
43267.7499
43271.9104
43290.0522
43300.6356
43304.0975
43308.6905
43311.3444
43316.9098
43330.6818
43336.1952
43364.8417
43370.9245
43372.3797
43387.0895
43396.9318
43418.7654
43442.2757
43442.6135
43474.1201
43505.3943
43514.6599
43539.0932
43559.9358
43561.6050
43563.8959
43569.8393
43570.3697
43571.3141
43580.7945
43580.8466
43583.7759
43604.9553
43610.9351
43611.4523
43627.7480
43649.4293
43657.5084
43679.7019
43694.8254
43701.3560
43713.7414
43716.9116
43718.1881
43724.6362
43724.7445
43724.7605
43741.2029
43744.1546
43776.2934
43783.6099
43790.4347
43790.6662
43793.5771
43803.2957
43803.6863
43805.3585
43806.6340
43808.1655
43809.1767
43810.7988
43811.8090
43818.3830
43830.3327
43834.1419
43840.9820
43886.7184
43887.7951
43913.7621
43915.0756
43919.0293
43926.1576
43935.6772
43948.5991
43957.0654
43972.7026
43982.4722
43999.5266
44042.9525
44049.8795
44062.2707
44074.2615
44096.2637
44097.1323
44105.5956
44124.2830
44153.3436
44160.0629
44160.9330
44164.0880
44173.7559
44184.9569
44187.3448
44192.4020
44206.3922
44207.6639
44223.6014
44235.5291
44254.6411
44256.4490
44281.5052
44284.0946
44287.4415
44290.6512
44298.0376
44312.4878
44316.8534
44320.0980
44334.3490
44340.0206
44349.4709
44351.1980
44358.5969
44364.0045
44379.2953
44389.1672
44389.7289
44390.2740
44400.8122
44405.2567
44411.9802
44412.6947
44417.4119
44417.8567
44418.6510
44420.3796
44426.2767
44435.8986
44435.9818
44440.4468
44442.4146
44443.3312
44445.9605
44457.2644
44459.1527
44459.3121
44459.9720
44470.1138
44470.1727
44470.4847
44500.1240
44503.5708
44512.0351
44520.2721
44525.4897
44528.7962
44535.4051
44548.2053
44550.0658
44559.0828
44572.3357
44574.1272
44575.5704
44575.6283
44583.4859
44588.4999
44593.8234
44595.0343
44601.1284
44604.5175
44616.3032
44659.9233
44675.0948
44680.2452
44686.6207
44699.1331
44711.8084
44718.8915
44723.0867
44723.9048
44734.1260
44736.8553
44754.0039
44756.8914
44767.2874
44775.0656
44789.8804
44790.9150
44791.7382
44810.2115
44823.0228
44826.9663
44830.1637
44835.0415
44838.0934
44864.3402
44864.8209
44896.7678
44900.1793
44923.6913
44926.8736
44940.2631
44947.8560
44950.3407
44953.7018
44954.3715
44956.8114
44957.1010
44958.1699
44960.0026
44979.2770
44980.2571
44994.4233
44996.8489
45002.2025
45023.5672
45025.5989
45041.5582
45042.1433
45050.3787
45051.1377
45053.0432
45055.5812
45070.3672
45074.1069
45080.4629
45085.7784
45107.7012
45115.8057
45124.9043
45130.0915
45134.6745
45137.2887
45142.1296
45143.3684
45156.0476
45189.6847
45190.2551
45198.6091
45202.2039
45202.3007
45222.6351
45228.8514
45236.4312
45240.9612
45242.1196
45242.1248
45256.6013
45257.6362
45260.1480
45263.8514
45273.9489
45277.7266
45280.9727
45298.4585
45302.5067
45313.4383
45321.2608
45327.1078
45327.7895
45328.6404
45334.2529
45343.5198
45346.7699
45362.4039
45364.4612
45394.4543
45402.7266
45409.5887
45412.6078
45420.5769
45435.1356
45442.5802
45459.8659
45513.0374
45518.3530
45538.7499
45561.5548
45565.0881
45569.7869
45594.2620
45606.3951
45617.2861
45620.3987
45626.4436
45636.1980
45662.8137
45690.2205
45690.7043
45700.2212
45700.9567
45701.5770
45707.9608
45710.0693
45714.9667
45716.9401
45720.4553
45721.8070
45721.9852
45735.3534
45735.7159
45747.4327
45747.6250
45762.0579
45766.4643
45769.0310
45781.5221
45790.3182
45794.5979
45800.5851
45805.9870
45809.9974
45825.1974
45826.5737
45826.8022
45827.7720
45830.4091
45857.8568
45861.1261
45907.1939
45911.9189
45943.6251
45944.8654
45979.2754
45980.6022
45990.0067
45993.9087
46003.3348
46005.4898
46009.6548
46023.1125
46025.5363
46031.7936
46036.0565
46037.0310
46062.9501
46071.3302
46078.7376
46079.6419
46086.9015
46090.8148
46093.4458
46094.0556
46095.0090
46103.2396
46110.9364
46120.9166
46123.7437
46139.3475
46152.2031
46205.8757
46217.9803
46229.0468
46237.0434
46241.1158
46256.7329
46291.9432
46300.7359
46302.0933
46324.1200
46326.8273
46328.5307
46329.5643
46331.4743
46335.3632
46336.9344
46338.0031
46338.0109
46338.1729
46339.3097
46344.1066
46347.6143
46350.1571
46350.4753
46355.2408
46358.8634
46359.6338
46360.0269
46362.6232
46376.8651
46378.0334
46379.1494
46390.9292
46396.8827
46397.1057
46415.8237
46416.4975
46417.2053
46421.5717
46425.8964
46467.9745
46468.5045
46469.8460
46470.8737
46473.7736
46473.8010
46499.7991
46520.4637
46534.9658
46535.6762
46542.9790
46564.6013
46573.2021
46573.6152
46629.2986
46629.8422
46638.3548
46642.1250
46645.3025
46649.9392
46653.9807
46660.2588
46671.5414
46675.8493
46689.4447
46696.5005
46700.8397
46701.6491
46711.6044
46722.7271
46724.4147
46727.9352
46729.1195
46731.5446
46733.4245
46738.7118
46742.4713
46744.1252
46744.7809
46748.2713
46755.0920
46755.1918
46760.1664
46761.1216
46763.0814
46769.4168
46774.3875
46779.4409
46783.6911
46785.6821
46788.0732
46794.4552
46804.8474
46812.2323
46840.4532
46850.0629
46854.6694
46881.3010
46925.6677
46936.6148
46941.8012
46957.5229
46966.8237
46968.2708
46968.7517
46969.9025
46974.7345
46975.3052
46980.1721
46983.8879
46987.1608
46995.9168
46998.2639
47000.7619
47009.1901
47009.7668
47012.9779
47014.1116
47019.0928
47020.0030
47024.2377
47025.7909
47040.3067
47065.2784
47070.3961
47091.0540
47114.1315
47124.9607
47125.4439
47128.1647
47129.6999
47133.3510
47136.6270
47140.9157
47204.4533
47206.0591
47211.5225
47211.6935
47220.3896
47230.8758
47236.7481
47239.5094
47249.1172
47256.4999
47261.4396
47262.1863
47268.7168
47273.9297
47277.4466
47286.7740
47292.1347
47309.7958
47321.2898
47332.9821
47344.8456
47349.9993
47350.8862
47351.8737
47361.1910
47363.0230
47363.2554
47370.7351
47381.3051
47413.9766
47456.5897
47461.3206
47463.0037
47463.4179
47467.5134
47473.3995
47479.2300
47481.6373
47490.3867
47496.7741
47497.1208
47503.4590
47533.0764
47540.7443
47565.2900
47567.9633
47568.7815
47568.8660
47581.6624
47585.2763
47591.0154
47593.3746
47594.0870
47604.8349
47606.6976
47614.8388
47632.5617
47642.5958
47658.3470
47658.6930
47659.0038
47662.8259
47663.4105
47675.3893
47679.6004
47683.4748
47714.3457
47754.4425
47780.3532
47792.7320
47800.1224
47800.1431
47805.8686
47810.9380
47812.1846
47813.6282
47847.2294
47855.1794
47858.5441
47863.6400
47877.2662
47880.4912
47881.2891
47881.6244
47883.6030
47884.4045
47894.2548
47908.7447
47910.1022
47923.0367
47931.4084
47946.1328
47964.8667
47964.9936
47968.2168
47987.1960
47993.1232
47994.6812
47998.0018
48007.3599
48007.3847
48017.3767
48047.6687
48062.2456
48108.0097
48109.8253
48131.1014
48160.2879
48173.7911
48177.4213
48181.6081
48186.3622
48192.9792
48196.3102
48197.5906
48202.3021
48202.4772
48212.4969
48225.1655
48233.3830
48242.0378
48252.1769
48257.5547
48267.2282
48269.5450
48275.9329
48280.7866
48288.6564
48291.4402
48293.0737
48293.6448
48301.1394
48309.7739
48319.4154
48327.2518
48334.9910
48348.6028
48374.9937
48378.6618
48384.5033
48413.3595
48454.8062
48456.2956
48457.2417
48459.9300
48460.7272
48464.7402
48469.2314
48478.7267
48485.6977
48492.5752
48496.5074
48504.5546
48506.5479
48524.2855
48524.3252
48526.4360
48534.3954
48567.4478
48569.4673
48570.0883
48572.4370
48581.3838
48584.1796
48587.2650
48598.4272
48619.5124
48626.6616
48627.8265
48630.7066
48643.7869
48673.3579
48679.3891
48680.7119
48683.4636
48688.8737
48699.5813
48708.2869
48712.4270
48746.7170
48771.2699
48776.4238
48777.9598
48790.0941
48791.8856
48797.1351
48834.4667
48847.8137
48848.3175
48870.5902
48923.9906
48927.9895
48929.1375
48931.8368
48935.3221
48940.6155
48945.2475
48946.1946
48948.4837
48969.9327
48978.6517
48985.9416
48996.7167
49005.9634
49008.1501
49013.1349
49033.4656
49035.6313
49035.7417
49035.8567
49044.7012
49053.0457
49060.1646
49075.7379
49075.8455
49077.2400
49080.3539
49093.8095
49095.8051
49097.8602
49098.3841
49100.4764
49102.8534
49104.6747
49112.2573
49115.7129
49117.1303
49121.4291
49136.7195
49145.8109
49146.2690
49153.4405
49167.2570
49168.2785
49170.8333
49199.9339
49204.5505
49221.3045
49244.8319
49251.8136
49262.0353
49276.2905
49285.3159
49287.5050
49293.6919
49295.0046
49295.6942
49297.4463
49299.5275
49303.5880
49304.0299
49311.7632
49313.4724
49317.0132
49326.9646
49344.2018
49348.2211
49350.6494
49370.1746
49375.7148
49376.3229
49376.6626
49379.9556
49392.6054
49394.3801
49402.4237
49409.9524
49434.0816
49440.3068
49440.9872
49442.4307
49445.0889
49447.9101
49458.6387
49462.1745
49474.8172
49508.2495
49511.0273
49518.8267
49542.9569
49548.1282
49590.1348
49595.8520
49637.7953
49645.4480
49647.1122
49652.1022
49657.0854
49658.9074
49660.9828
49665.7731
49668.4221
49676.8830
49690.6471
49697.3053
49727.2297
49729.9143
49731.7852
49733.6151
49739.7672
49748.6672
49761.5671
49765.5835
49769.2544
49779.6342
49796.9842
49812.4126
49819.6602
49823.5755
49857.3435
49860.6860
49882.9881
49902.1213
49916.1358
49936.7240
49961.8052
49976.6524
49981.9662
49982.0078
49984.4869
50007.4872
50013.3103
50017.4432
50019.5365
50022.7739
50025.3846
50028.6088
50029.8077
50060.2508
50065.8462
50075.9754
50080.1061
50087.3895
50090.5736
50095.5898
50095.9757
50096.3428
50097.9820
50099.4331
50134.7825
50137.5666
50155.4330
50157.2866
50168.1086
50169.9392
50176.6428
50183.2508
50184.1593
50190.8561
50195.5000
50202.0963
50205.5071
50207.4406
50211.2906
50217.8497
50218.3139
50219.9515
50224.0854
50233.5170
50235.3129
50240.3343
50242.2368
50252.4057
50260.9998
50267.9765
50270.9817
50306.2758
50311.3326
50312.1343
50312.5476
50314.3405
50315.9197
50319.0132
50326.7206
50327.3656
50328.4818
50342.0328
50366.5144
50377.9390
50384.6131
50400.4441
50402.7251
50403.8833
50405.7437
50417.8276
50418.5213
50438.8678
50440.7963
50448.0805
50448.6117
50455.0470
50456.3728
50460.9827
50464.2109
50464.7095
50483.3866
50494.5608
50524.1009
50537.1694
50550.9489
50565.1531
50598.8777
50652.3867
50657.5381
50668.5645
50673.4276
50674.3225
50682.7149
50714.0560
50720.9093
50720.9632
50744.0027
50746.0256
50756.8533
50759.4631
50770.4665
50771.9553
50772.6611
50780.9703
50789.2878
50793.3650
50808.9206
50808.9366
50828.5098
50841.1629
50845.9683
50854.6128
50854.8596
50864.5756
50868.9701
50869.5946
50870.5725
50870.9628
50876.0510
50877.0841
50877.8689
50883.0751
50889.3423
50904.6032
50908.0253
50913.4819
50920.9714
50931.5183
50941.7921
50947.9157
50949.1370
50950.4821
50951.6506
50954.8693
50956.0596
50956.9586
50958.0776
50960.6739
50966.8327
50975.8235
50975.8664
50979.3963
50985.5698
50991.9984
50992.3125
50995.0757
51000.9869
51008.4894
51013.0294
51016.6888
51031.6667
51050.1781
51050.2509
51052.4751
51053.3783
51056.7344
51057.7906
51063.8491
51087.8673
51095.1608
51096.7885
51098.7293
51099.6354
51118.4735
51119.2048
51123.1303
51126.3079
51131.0527
51131.1139
51132.4315
51134.8914
51141.6203
51165.3936
51175.5543
51178.7727
51184.3069
51186.7218
51223.8420
51280.2949
51281.6401
51286.5278
51294.2375
51294.7947
51327.7070
51328.0555
51358.6570
51359.3363
51360.1392
51394.1311
51416.6396
51437.5866
51438.9575
51439.3556
51448.8334
51457.0461
51462.6491
51471.0337
51486.1785
51490.3059
51529.0004
51536.3001
51566.0831
51579.3525
51589.6661
51602.1165
51603.8423
51607.9017
51611.1847
51621.2336
51631.7342
51689.0766
51695.5115
51704.3357
51719.1247
51720.4721
51726.2941
51732.0214
51733.0217
51735.4324
51747.6578
51751.9182
51754.3362
51755.4544
51758.6946
51759.8409
51773.9785
51776.0087
51805.8436
51827.4231
51828.6332
51870.0734
51879.4889
51900.9919
51903.3770
51904.1553
51908.1520
51913.3912
51913.4535
51916.4743
51919.8173
51922.5604
51924.0393
51943.1432
51945.5924
51950.6146
51953.2451
51955.9905
51957.0205
51957.9012
51960.0524
51963.7107
51970.3451
51971.3401
51973.2919
51974.3396
51977.8304
51985.8876
51987.3967
51988.2551
51991.2349
51998.0951
52005.3972
52007.8356
52013.7017
52018.5119
52029.1422
52035.9902
52057.1886
52058.6746
52060.9837
52062.5322
52072.9133
52074.8565
52093.0404
52110.2815
52120.6076
52126.5290
52137.5687
52148.3861
52172.8995
52174.1095
52186.3259
52190.9829
52191.6236
52201.5616
52203.6632
52209.1177
52213.4126
52220.2412
52236.7331
52244.1030
52247.4670
52249.1123
52268.2285
52270.9784
52273.3361
52280.6476
52292.7776
52308.9368
52310.1681
52316.8197
52319.7186
52322.7197
52323.6568
52335.7169
52344.0307
52346.4017
52352.4828
52371.0156
52374.0379
52376.2897
52378.0676
52381.8467
52398.7742
52398.9641
52412.8651
52424.8428
52426.7259
52435.2488
52445.2335
52448.1358
52460.5265
52483.7076
52488.0909
52500.4681
52535.2748
52544.6395
52580.3169
52588.3982
52596.4094
52598.6456
52600.2388
52608.8030
52622.9645
52626.3731
52626.8261
52678.3590
52693.6250
52741.2612
52744.4478
52744.4523
52750.3604
52752.2004
52760.9134
52763.7719
52774.4012
52779.4335
52784.5362
52804.8426
52810.0422
52823.1755
52824.5394
52842.0042
52843.3475
52847.9332
52848.8598
52855.3448
52859.0420
52867.9326
52876.6903
52879.1105
52882.0682
52884.3018
52890.7359
52891.8418
52898.5156
52906.5915
52911.4085
52915.5962
52928.1406
52962.4444
52977.7467
52981.5764
52984.3351
52989.3382
53001.6940
53008.0764
53014.6130
53027.5355
53035.4610
53037.6141
53055.1892
53056.5804
53058.3145
53062.2295
53065.5064
53077.2124
53080.9844
53091.5546
53091.8843
53092.4601
53092.8565
53099.1532
53105.2408
53114.3733
53116.0423
53144.7859
53145.2567
53154.6452
53164.9710
53166.3066
53179.7219
53180.9253
53194.2312
53234.2491
53237.2695
53298.5530
53302.0787
53319.7638
53322.0722
53328.3668
53334.0644
53334.5104
53344.6835
53365.1915
53370.6103
53383.0036
53385.5413
53402.9432
53439.8003
53441.3045
53463.1443
53499.9981
53508.3171
53514.1666
53527.7495
53528.5163
53553.7735
53562.5943
53570.6586
53573.8046
53580.3622
53604.5490
53615.9130
53620.0078
53621.5406
53627.8036
53630.1017
53631.1540
53633.0998
53637.4487
53638.6766
53643.7809
53648.4614
53649.5053
53652.5696
53656.8634
53658.6346
53668.0041
53680.2430
53682.5663
53717.1394
53732.0069
53755.0949
53768.4986
53771.5273
53773.8206
53780.8045
53789.5846
53795.6948
53805.8922
53814.9160
53826.2016
53836.6361
53837.7403
53855.4732
53860.1920
53909.7787
53916.1564
53929.1941
53930.8371
53976.9842
53977.1948
53977.6121
53979.4460
53982.2886
53984.6442
53986.4460
53987.2995
53992.6293
53994.3562
54004.5757
54006.2483
54016.9186
54018.4050
54029.3921
54038.2207
54045.2951
54047.3185
54047.7936
54048.0967
54049.3025
54051.2196
54051.5179
54052.7283
54053.1719
54053.7443
54054.7205
54055.2013
54057.7224
54058.6805
54061.8447
54062.7564
54066.1528
54067.6478
54069.0533
54121.5645
54144.7275
54150.8028
54153.3691
54164.5950
54172.1029
54172.9283
54189.9430
54221.8439
54225.3326
54227.8183
54248.9783
54270.6303
54274.1934
54301.0943
54307.2664
54316.4467
54322.0644
54330.9493
54345.9344
54385.5354
54410.2064
54416.5361
54417.1343
54418.2531
54458.8266
54465.3725
54468.3188
54470.3420
54480.1310
54486.0785
54486.2247
54487.8040
54490.0452
54490.3620
54493.2204
54496.8727
54497.9487
54499.3884
54500.8658
54501.3130
54503.0638
54506.7066
54510.9675
54511.7698
54512.6509
54521.4632
54534.3080
54542.1763
54542.4129
54543.5575
54546.4124
54548.8119
54551.3625
54552.3801
54552.8200
54584.3300
54585.9859
54594.6133
54598.8145
54599.8312
54600.3339
54602.7617
54604.6515
54607.7482
54608.0260
54611.1851
54622.5946
54625.5518
54631.5119
54646.3035
54654.0675
54678.9385
54696.9568
54699.3923
54703.1047
54719.6665
54739.8909
54744.0759
54744.4231
54745.4201
54746.7424
54767.6644
54807.8330
54819.4667
54819.7113
54822.9808
54829.8288
54849.0924
54854.0506
54854.9102
54888.8971
54889.9790
54892.5660
54892.6751
54892.8234
54896.6860
54919.4886
54921.7690
54925.1737
54927.5458
54932.1387
54934.5843
54939.6072
54948.3250
54958.0972
54959.9517
54963.8327
54980.7252
54980.9186
54984.7203
54984.7425
54984.8071
54984.9657
54998.0223
55001.7818
55003.9914
55023.8898
55031.4868
55031.9761
55042.7128
55047.9226
55050.0690
55087.4773
55090.1535
55109.1332
55128.4507
55142.1273
55145.6661
55149.4844
55155.4313
55158.4009
55178.5320
55182.3607
55188.8540
55191.4179
55233.6316
55259.6103
55267.6127
55268.1644
55273.3929
55277.7517
55302.7627
55315.2426
55349.2755
55370.9505
55372.3255
55385.5782
55393.8845
55397.1437
55399.7737
55408.7561
55432.8787
55433.7248
55440.6930
55441.6556
55443.7779
55452.2016
55458.0973
55467.4641
55478.6809
55481.4886
55508.3922
55523.3226
55535.2531
55554.2780
55560.1573
55562.0929
55583.9598
55586.5423
55589.0422
55612.3343
55619.9456
55626.1076
55637.5981
55656.1555
55675.5875
55705.4569
55712.0807
55746.2872
55761.0445
55779.4933
55782.6090
55787.7847
55807.6638
55828.4705
55834.5672
55882.0926
55882.9991
55885.6910
55893.3085
55897.7859
55905.2176
55913.0798
55947.4157
55950.3483
55954.4155
55959.6756
55961.8653
55962.8941
55971.7544
55975.7798
56002.5482
56008.7444
56015.6778
56071.1210
56073.5485
56076.9848
56087.0486
56095.1179
56117.8714
56120.5038
56122.8630
56129.9404
56142.2969
56152.5113
56164.2962
56178.2136
56189.9370
56191.4565
56192.5385
56201.5583
56224.3591
56231.8602
56267.9358
56283.8543
56286.1539
56301.8542
56302.6582
56305.1907
56321.2858
56343.9726
56350.6530
56370.5219
56373.1171
56393.8771
56397.2329
56404.2374
56405.1098
56407.5033
56412.7110
56422.7816
56423.1583
56445.7690
56453.1304
56463.7729
56466.8801
56467.5694
56479.4393
56480.4180
56485.4607
56486.3640
56486.7354
56488.5460
56488.6279
56504.6871
56528.7694
56537.0043
56541.9798
56544.1683
56545.5859
56547.7003
56551.8977
56552.0865
56555.1689
56558.0931
56564.9939
56566.7719
56576.0689
56580.0901
56581.7144
56604.3469
56623.1822
56636.2528
56645.8472
56664.0818
56673.0343
56691.5580
56692.2008
56692.9129
56695.1845
56699.3528
56704.4721
56706.5546
56712.4016
56716.9406
56717.3908
56717.6046
56720.3574
56722.6841
56723.3151
56723.3802
56732.4506
56739.2036
56741.0864
56741.3104
56741.4569
56746.2924
56747.7073
56748.6157
56749.9828
56773.9713
56778.4809
56787.2430
56799.7559
56801.3111
56805.5852
56809.5323
56816.0109
56818.4770
56823.1635
56823.5673
56823.6190
56834.2085
56837.2283
56841.1750
56845.7949
56847.7175
56851.1382
56855.6504
56858.3876
56860.0922
56874.0135
56890.7955
56898.1559
56900.7268
56903.8785
56904.1250
56927.2644
56950.7388
56955.7933
56958.5898
56959.5604
56961.2318
56963.0421
56970.5371
56974.6334
56985.2171
56996.9695
57011.3052
57012.4423
57016.0283
57023.3744
57034.5228
57038.4779
57041.9660
57087.3932
57087.7870
57088.1883
57091.5720
57097.3837
57104.8368
57119.3397
57144.9027
57149.6946
57154.6361
57159.5626
57163.8263
57190.6323
57191.2098
57194.0117
57194.1814
57195.2085
57196.3918
57202.3063
57202.6017
57218.4470
57225.8874
57227.2997
57230.5723
57230.8524
57237.4965
57240.5499
57265.4061
57281.3382
57282.1620
57282.4405
57284.4859
57297.7285
57304.9904
57309.5069
57320.9943
57336.2130
57338.4360
57342.8265
57357.2198
57360.6258
57367.0023
57375.1242
57402.2272
57407.9255
57436.9825
57440.8180
57449.0882
57461.6204
57464.9370
57472.1464
57476.6725
57476.7477
57492.7706
57500.3376
57506.6971
57511.5549
57516.6238
57532.9602
57533.6795
57535.5609
57547.9797
57558.7995
57561.1715
57567.3555
57568.8654
57573.8727
57582.6144
57610.9903
57617.0506
57630.5770
57636.3441
57677.9726
57726.5454
57736.6472
57739.5884
57770.5462
57788.2314
57827.6863
57834.5849
57848.6021
57848.7393
57850.0265
57851.9118
57854.0858
57855.7802
57858.4550
57859.8550
57865.3095
57866.0211
57866.8257
57867.6901
57870.5793
57870.9014
57879.0041
57879.1712
57879.4799
57879.8419
57882.8260
57885.6016
57890.3412
57890.5280
57894.0521
57896.5357
57897.2593
57899.2259
57909.2922
57909.4743
57911.6493
57914.0451
57914.2977
57923.9118
57945.8267
57979.4403
57993.7484
58010.1263
58011.1438
58025.7329
58031.1858
58031.5183
58040.1392
58055.7052
58069.1263
58075.5021
58084.5658
58087.1403
58088.2177
58088.8648
58088.9827
58090.0026
58092.2573
58095.9058
58096.1327
58100.1397
58103.6557
58106.0412
58120.7982
58137.9168
58154.8677
58174.9499
58176.0668
58191.1574
58196.8598
58217.9417
58218.4923
58222.5608
58229.5542
58230.4754
58232.7710
58233.2105
58234.1243
58234.4998
58234.7409
58235.9527
58237.4185
58237.6538
58239.0165
58254.9041
58276.8543
58280.3758
58282.2204
58282.5810
58286.1303
58305.7493
58308.4599
58313.3312
58320.9197
58328.2340
58337.8857
58345.9984
58351.0396
58356.3697
58359.3664
58364.7886
58368.3487
58368.7316
58373.0557
58375.9070
58381.2339
58389.9886
58401.6055
58405.0643
58409.5038
58426.5996
58447.0742
58450.6648
58451.4116
58452.1318
58455.7376
58458.1740
58480.7189
58485.9124
58488.3299
58491.5367
58497.9714
58516.6115
58559.9172
58570.1322
58575.0651
58581.4823
58582.3354
58583.3876
58589.1144
58597.8424
58599.2078
58601.4057
58603.7720
58610.1003
58614.7525
58615.3770
58622.9051
58639.8525
58645.9468
58688.3357
58689.2752
58698.0344
58709.3857
58709.4055
58718.1746
58718.2150
58718.8905
58722.0422
58725.5499
58730.9069
58731.6763
58751.0428
58760.2125
58761.1579
58761.4566
58764.7432
58783.4492
58809.9748
58812.0984
58813.5105
58817.0158
58819.7001
58820.5103
58821.0639
58824.6920
58827.7044
58833.1567
58835.6276
58840.4636
58850.9295
58854.1800
58855.5470
58860.7276
58873.8701
58882.2116
58891.2852
58922.8436
58928.8411
58943.8691
58946.7461
58959.8837
58970.2672
58980.3341
58996.2566
59015.2484
59020.5132
59022.8320
59031.2459
59037.9737
59044.3457
59051.9446
59061.3677
59091.2135
59096.0748
59146.2436
59155.0552
59179.4936
59180.4212
59181.0410
59181.8205
59182.2542
59182.8691
59187.4209
59193.2876
59201.3467
59206.7879
59208.7641
59212.5712
59221.3400
59237.0586
59245.3123
59246.8713
59251.1768
59251.5148
59253.7630
59257.1996
59258.1989
59267.3885
59268.6480
59272.4892
59272.5033
59277.7709
59287.0589
59289.1147
59305.3329
59318.4521
59338.0971
59345.2783
59348.0639
59357.9001
59358.6178
59366.5333
59368.6359
59398.7554
59400.5837
59406.5757
59433.1545
59546.8674
59547.8156
59549.7147
59595.5136
59609.6285
59673.6327
59682.8560
59695.8094
59705.3008
59735.6978
59746.6972
59751.9124
59768.0332
59771.8247
59774.2513
59775.8927
59776.0845
59778.6069
59782.7926
59792.2996
59799.6848
59825.5496
59841.2852
59852.5892
59946.0590
59966.5343
59976.0314
60055.3915
60061.7387
60071.6046
60099.8557
60101.5453
60172.2826
60191.0035
60196.5665
60201.0580
60207.5928
60221.9005
60223.5857
60228.3660
60238.6769
60285.6823
60387.6137
60408.9346
60462.4479
60504.4299
60548.5137
60613.8056
60619.8877
60635.0547
60775.7701
60780.6943
60790.4396
60790.9676
60803.9279
60806.5368
60807.7248
60822.9528
60857.3197
60862.6448
60896.9523
60931.9056
60933.6046
60941.1881
61090.5853
61194.9841
61290.0030
61335.8326
61349.1045
61370.5889
61371.8326
61391.3290
61391.8067
61392.0955
61397.8114
61433.7255
61449.1210
61459.5774
61461.8496
61465.6726
61474.9776
61475.4659
61478.1196
61478.3195
61481.6056
61482.4667
61517.2263
61520.6131
61535.5123
61537.0700
61538.2125
61625.5025
61658.4744
61683.6034
61733.9037
61905.9096
61906.5214
61940.8100
61966.6252
62051.5189
62080.3419
62125.9108
62171.1873
62298.2111
62324.2017
62538.3894
62561.0207
62584.4264
62605.0873
62752.4204
62774.1561
62774.2745
62930.9340
63076.0389
63132.9794
63232.3321
63261.2520
63358.6366
63368.3722
63534.4987
63574.7499
63588.2625
63627.2071
63649.9492
63650.1568
63685.7115
63765.2814
63829.3670
64283.9527
64303.9560
64306.7795
64324.2666
64332.1814
64375.8315
64390.9811
64397.5187
64471.1543
64515.6941
64516.8455
64524.4360
64550.2986
64637.3052
64654.1962
64686.2391
64688.3536
64739.4195
64751.2753
64777.3957
64800.9674
64885.9814
64964.2511
65100.0726
65149.1212
65167.5755
65184.7101
65356.1583
65397.9639
65412.9087
65427.4784
65447.2153
65622.4375
65622.7387
65631.1578
65634.1801
65708.1059
65716.1432
65745.5164
65851.9530
65864.9184
65880.8173
65955.3431
65956.5351
65973.6736
66019.4326
66096.6387
66130.6996
66254.1753
66273.0700
66519.8877
66520.5797
66549.2032
66549.3806
66570.2192
66610.1969
66639.9287
66724.0365
66865.7849
66961.1170
66995.7162
66996.3176
67008.6337
67130.7223
67143.5782
67165.9377
67199.4447
67211.6550
67253.5620
67317.9439
67335.6405
67378.9813
67416.9135
67551.9032
67555.8109
67581.4227
67705.4749
67707.0590
67771.8532
67841.9396
67928.9525
67974.8068
67977.2923
67996.9945
68060.0511
68090.9437
68207.9102
68662.1254
68677.6445
68678.5527
68691.7542
68692.2577
68692.6251
68692.6934
68705.2144
68715.7049
68723.4025
68807.0480
68826.3982
69109.0421
69110.9485
69113.6314
69116.1215
69122.7930
69123.6704
69202.7479
69268.2765
69293.0101
69302.1209
69330.2183
69338.5911
69434.4767
69436.9627
69563.4085
69631.6859
69698.5958
69707.3280
69815.8091
69876.9667
69947.4522
69977.6083
70012.9033
70013.1820
70091.5745
70205.4358
70286.8392
70314.3546
70319.9300
70423.9656
70457.2859
70557.3021
70561.1025
70607.9252
70660.7900
70662.3896
70663.1656
70699.3452
70717.0618
70748.6285
70828.2442
70897.1193
70908.8984
70960.1624
70965.9290
70973.5209
71041.5139
71072.7646
71083.1114
71105.5223
71172.8711
71187.3464
71223.5608
71233.5629
71257.0271
71307.3048
71340.6887
71439.9037
71491.1843
71502.9646
71526.7397
71563.4057
71584.7430
71619.6711
71777.2838
71779.7558
71790.6939
71801.4395
71876.0585
71887.6077
71896.9876
71902.2810
72118.5992
72119.7693
72130.3423
72182.7902
72185.7028
72254.7227
72284.5916
72308.6474
72317.6010
72411.3341
72444.8673
72527.2947
72529.3944
72621.8817
72662.0095
72672.9815
72695.4104
72731.2562
72739.7246
72910.2290
72919.2815
72930.7121
72968.5617
73067.9123
73166.7629
73356.7825
73378.4059
73390.6933
73425.7969
73488.4163
73672.6564
73682.2794
73728.2527
73777.4095
73792.1911
73855.8593
73909.2069
74012.7737
74098.6063
74144.8027
74190.9313
74231.6834
74502.5444
74505.8293
74523.4240
74527.2540
74530.0919
74533.5593
74534.6303
74542.8052
74599.7830
74613.8388
74623.8943
74679.4423
74721.8588
74850.7181
74850.9478
74966.1791
74980.3145
75048.1046
75075.8464
75088.0726
75311.1503
75365.1723
75394.0011
75441.3425
75540.6349
75605.4789
75619.5362
75699.0199
75717.0335
75729.1746
75748.7485
75779.3977
75996.6491
76037.4460
76052.4222
76075.7303
76133.0685
76198.4899
76269.4611
76354.5775
76388.9002
76423.8984
76457.0552
76487.8502
76665.0953
76695.7400
76746.6269
76839.2317
76871.1365
76943.1819
76986.8631
76994.3469
77000.2944
77066.9901
77067.9022
77068.5329
77101.6748
77130.3619
77144.3597
77203.1000
77479.2270
77491.6697
77529.9641
77538.5261
77580.0006
77601.6134
77634.8786
77675.8771
77731.5961
77741.4043
77780.1654
77794.9533
77809.0229
77888.8125
77903.4624
77996.5882
78036.0728
78074.2942
78112.6909
78198.2066
78245.4570
78547.5424
78553.1136
78597.2788
78598.4895
78599.0471
78614.1501
78631.9847
78632.1577
78633.0568
78634.4364
78639.4802
78727.2775
78751.8294
78757.8089
78816.6834
78856.1218
78856.1814
79033.0337
79124.2117
79165.7257
79218.8898
79247.0430
79250.1436
79307.5014
79354.3470
79370.0255
79380.2050
79417.5364
79435.1216
79448.3033
79449.2084
79501.2981
79501.3237
79605.8199
79610.4127
79783.2078
79819.6422
79916.9630
79971.0517
80006.5722
80024.2748
80160.7041
80171.9137
80242.6232
80245.5285
80333.1667
80389.8203
80401.6508
80556.9470
80574.4598
80671.2352
80681.5711
80757.9313
80797.1609
80824.5661
80910.5818
80934.3308
80998.1438
81074.8726
81188.1301
81226.8735
81253.5534
81273.0519
81296.3234
81306.9609
81350.5149
81411.5530
81414.0357
81570.2464
81583.5661
81594.9061
81634.1604
81640.9473
81662.4415
81669.2229
81755.5107
81755.9816
81763.0082
81765.7735
81834.7287
81836.5274
81882.8785
81897.7271
82039.4976
82052.0528
82052.0895
82133.9408
82367.3298
82442.8674
82514.7467
82575.1229
82583.6421
82642.6438
82669.0957
82733.9229
82737.5405
82801.0843
82832.6353
82922.6820
82948.6690
82949.6388
82959.7560
83182.3238
83197.7529
83257.8256
83390.6087
83396.4348
83483.1896
83516.4623
83546.2685
83642.2061
83675.8895
83751.8593
83783.1778
83869.0333
83906.7918
83945.1213
83967.5220
83977.8174
84049.4117
84051.0418
84078.9917
84355.2441
84362.4550
84400.2488
84474.7701
84512.8097
84573.9812
84717.6300
84827.8689
84882.8668
84931.6841
84962.1128
84965.7193
85097.9213
85264.8464
85267.4865
85295.9906
85299.8580
85309.2927
85326.4923
85352.6666
85402.6314
85455.7780
85629.9145
85855.6461
85928.3899
85998.8309
86010.8672
86086.5118
86091.8826
86121.2863
86204.5808
86331.2800
86333.7056
86386.7634
86701.0543
86704.2966
86704.9115
86705.5851
86716.7462
86717.1921
86727.0414
86737.7501
86766.8821
86913.8330
86953.8952
86959.7474
87151.8047
87166.7355
87179.4755
87279.3912
87366.6689
87533.4386
87619.9011
87631.9545
87634.1271
87640.7174
87652.2177
87653.0302
87734.6592
87745.8848
87754.9140
87831.8263
87856.3451
87894.0801
87899.5564
87918.6955
87918.7949
87928.1888
87958.6394
87969.8104
88025.5522
88067.4039
88079.2261
88083.5313
88110.6132
88307.5502
88320.8975
88340.7289
88515.9200
88519.1184
88524.0255
88524.3469
88550.2204
88561.6638
88575.6330
88601.5230
88620.5055
88643.2242
88755.1905
88817.7402
88819.2801
88848.1981
88915.7235
88958.6310
88963.6684
89033.5348
89034.2298
89055.7164
89079.6096
89112.3913
89143.4965
89176.6171
89180.6308
89226.5080
89330.4664
89330.9458
89341.9295
89348.6532
89398.8541
89548.4910
89661.2379
89737.9658
89744.7761
89802.7164
89814.1894
89854.6913
89871.8296
89912.1464
89955.9281
89978.3749
89980.4642
90012.6584
90171.7580
90172.6519
90173.0665
90197.6264
90198.7752
90200.5928
90206.5892
90218.6798
90361.9359
90362.5560
90403.1343
90439.1703
90445.0168
90466.0910
90499.4768
90545.2082
90673.3051
90679.0740
90883.5516
90890.8381
91007.5446
91234.6868
91248.4015
91287.2322
91296.3759
91310.4546
91368.0251
91369.3276
91539.9840
91560.7709
91638.6609
91736.6605
91873.2920
91901.4386
91909.3588
92008.4182
92020.1992
92027.2107
92071.0671
92081.8946
92116.3427
92185.6642
92228.0813
92292.9211
92394.6549
92413.5563
92440.3038
92458.7342
92514.2728
92525.5311
92550.1877
92610.2416
92655.7411
92666.3331
92724.8667
92750.0407
92841.7404
92858.5453
92860.8406
92863.1828
92905.3981
92912.5737
92937.0512
92986.8450
93006.6713
93100.2794
93104.4558
93174.3388
93279.4396
93281.5212
93328.1869
93374.2666
93375.5759
93456.0426
93550.4844
93605.3717
93653.5913
93677.2784
93699.6237
93792.1128
93793.8521
93889.2684
93897.1163
93995.8695
94011.0855
94111.0345
94143.5645
94243.2223
94378.1120
94416.5967
94472.6270
94515.4389
94526.3587
94575.8211
94582.6524
94610.0294
94681.3960
94713.5933
94752.3836
94807.7257
94892.1139
94901.1535
94912.2809
95040.1816
95078.5480
95081.4934
95161.7520
95200.5785
95235.9750
95283.9035
95324.0535
95324.1647
95368.4264
95401.9959
95430.6250
95469.8978
95504.6934
95511.7609
95549.1973
95550.1042
95587.9333
95594.9325
95619.9306
95647.7665
95680.9153
95765.7779
95950.8998
95972.0633
96082.6573
