199	0	4588.1423	5313.6743	4477.389139917714	8381.714936320024	8675.48519611785	9718.181697826425	0.0199
52.6279
114.4506
139.1929
183.6621
248.2157
255.8723
272.4123
400.9719
467.5280
513.8293
515.5453
527.3878
553.2394
580.9527
638.3407
708.2432
739.3373
756.2641
915.2077
937.9435
942.2043
1049.7340
1050.4578
1094.1263
1098.4626
1108.6768
1183.1978
1301.8006
1349.2487
1358.1890
1394.7388
1429.4547
1573.9822
1588.4114
1616.6337
1640.3102
1750.4280
1816.7892
1857.6799
1888.0114
1904.0621
1958.8350
2001.4434
2004.4806
2033.6638
2035.5711
2116.4402
2183.5628
2241.8238
2284.3539
2320.8824
2325.0284
2394.7712
2414.0008
2515.8065
2544.7338
2553.3162
2642.5062
2682.1840
2704.7910
2724.1050
2764.3963
2805.3110
2926.5634
2940.3557
2958.4662
2979.5765
3029.7195
3046.2407
3050.1688
3062.4407
3106.7032
3170.4582
3196.0350
3281.1618
3289.3623
3300.1668
3341.4064
3540.1798
3614.3298
3653.9297
3666.5368
3688.0524
3839.9420
3916.8112
4021.3245
4121.8401
4133.7828
4150.1290
4207.8901
4225.9204
4243.2850
4275.7863
4280.6268
4280.8629
4364.7027
4383.1337
4392.2754
4470.5421
4477.3891
4494.7449
4524.6273
4525.6313
4618.6171
4649.2474
4674.2671
4970.4354
5000.7074
5056.1292
5131.6771
5156.4676
5157.5178
5348.7308
5353.4830
5379.6971
5385.0422
5412.7852
5415.2398
5553.3007
5599.9814
5606.8686
5623.9262
5627.7728
5708.9094
5758.0028
5798.7417
5808.9712
5852.4406
5904.2477
5906.2494
5944.3865
6035.7583
6040.1583
6050.8167
6074.0138
6082.6949
6174.0640
6206.2719
6264.4147
6322.3030
6402.0078
6588.7978
6599.5791
6632.3344
6666.0033
6693.1927
6765.0731
6800.5879
6845.8889
6850.8078
6862.9576
6871.1821
6929.8188
6962.5859
6990.3875
7020.4369
7035.0064
7071.8411
7104.6064
7135.1416
7388.8693
7464.3719
7464.6963
7467.6878
7662.1145
7686.7896
7785.1633
7854.2895
7884.9548
7910.8775
7943.5704
7999.7372
8045.2637
8169.1243
8203.9648
8241.1960
8300.7086
8314.6696
8341.5743
8381.7149
8383.8297
8427.1586
8430.5707
8453.1908
8471.3166
8482.3445
8557.6325
8569.0379
8579.9070
8675.4852
8701.5252
8813.6322
9057.4763
9322.7083
9347.5951
9623.8029
9673.0705
9718.1817
9815.0124
