2002	0	1505.1747	2816.4074	374.95406800582754	6154.378714234108	7561.757672586717	8449.52680137202	0.20019591244580034
0.0185
0.0531
0.0614
0.0849
0.1825
0.1874
0.2600
0.3244
0.3784
0.4742
0.4774
0.5350
0.6513
0.6564
0.8326
1.0118
1.0637
1.2200
1.2234
1.2635
1.3624
1.3887
1.4131
1.4191
1.4251
1.5192
1.5328
1.6029
1.6205
1.6239
1.6419
1.7022
1.7347
1.7654
1.9253
1.9567
1.9640
2.0103
2.0121
2.0822
2.1066
2.1626
2.2859
2.3476
2.3796
2.4021
2.4045
2.4063
2.4265
2.4306
2.6246
2.7158
2.8357
2.8702
3.0588
3.0717
3.0779
3.1727
3.2444
3.2943
3.6162
3.6228
3.8755
3.9621
4.0809
4.4841
4.5525
4.6613
4.6660
4.6800
4.7094
4.7255
4.7811
4.7882
4.8036
4.8317
4.9203
4.9344
4.9981
5.1333
5.1580
5.2053
5.2286
5.3310
5.4336
5.5526
5.6655
5.6898
5.7290
5.7942
5.8702
5.9302
5.9470
5.9735
6.0510
6.0789
6.1666
6.3686
6.4188
6.5205
6.5258
6.5297
6.6285
6.6509
6.9583
7.0495
7.0918
7.1563
7.2186
7.6149
7.6189
7.6330
7.6334
7.7323
7.9360
7.9365
7.9580
7.9946
8.0032
8.1045
8.2482
8.2749
8.4081
8.5773
8.6049
8.6176
9.0389
9.1171
9.2662
9.3241
9.3389
9.3848
9.3972
9.4891
9.5763
9.6464
9.6561
9.7508
9.8426
9.8948
9.9121
10.4850
10.5270
10.6836
10.7044
10.8919
10.9120
10.9742
11.0033
11.0610
11.1154
11.2686
11.3078
11.5223
11.5935
11.7151
11.8329
11.8574
11.9471
12.0481
12.1488
12.1549
12.3981
12.4272
12.5749
12.5988
12.6394
12.6417
12.7326
12.7373
12.7725
13.0430
13.2756
13.4869
13.5053
13.6574
13.6606
13.6852
13.8451
13.9497
13.9655
14.0164
14.0702
14.1397
14.4618
15.0045
15.0197
15.0516
15.4996
15.5865
15.6968
15.8278
15.9994
16.1364
16.2971
16.5648
16.5839
16.5968
16.6295
17.0084
17.0937
17.3015
17.3573
17.5026
17.6035
17.8578
17.8606
17.8860
17.9091
18.2743
18.2876
18.3585
18.3634
18.6089
18.6921
18.7342
18.7446
18.9344
19.1595
19.6252
19.9959
20.0801
20.2705
20.3909
20.5339
20.9234
21.3413
21.4695
22.2426
22.4747
22.5630
22.7712
22.9132
22.9836
23.0466
23.1010
23.1265
23.1535
23.2723
23.5392
23.5872
23.7856
23.9273
23.9305
23.9614
24.0381
24.0685
24.3156
24.9037
25.1710
25.3302
25.3816
25.4722
25.7055
25.7823
25.8253
26.0205
26.2099
26.5714
26.7708
27.1803
27.5289
27.5599
27.6202
27.8524
27.9896
28.6046
28.6749
28.6801
29.2120
29.3058
29.4057
29.4187
29.4580
29.5357
29.8633
29.9415
29.9580
30.3739
30.5626
30.6248
31.0328
31.3128
31.3523
31.5484
31.6992
31.9039
32.0064
32.0395
32.0965
32.1547
32.2490
32.3934
32.5181
32.6333
32.7814
33.0562
33.1501
33.5283
33.8903
34.2656
34.2846
34.4493
34.7340
34.8191
34.8292
35.0685
35.3555
35.4580
35.6895
36.1857
36.2959
36.7689
36.9607
37.0867
37.3493
37.4785
37.5742
37.6312
37.7278
37.8889
37.9932
38.1460
38.1908
38.3006
38.5198
38.7321
39.3543
39.7511
39.7777
39.9867
40.6553
40.8170
42.0242
42.0425
42.0433
42.1923
42.4072
43.9263
44.7052
44.7692
44.9542
45.5790
45.7969
46.0743
46.8494
46.9068
47.8083
48.0354
48.0758
49.0410
49.4216
49.4513
50.0493
50.1122
50.2670
50.9816
51.1141
51.8222
52.1009
52.1265
52.4227
52.4841
52.8318
52.9816
53.0521
53.2033
53.2692
53.8655
54.3019
54.3705
54.3831
54.6536
55.0047
55.4141
55.4652
55.9877
56.7143
56.8359
57.3048
59.9079
61.4503
61.5722
61.8254
62.7868
63.3637
63.3912
63.4651
63.7351
63.7774
63.9068
63.9417
64.2626
64.3037
64.5221
64.8698
65.5030
65.7545
65.8213
66.5730
66.8276
67.3151
67.7894
68.6903
69.5963
70.5137
70.8289
70.9397
71.2968
71.6007
71.7595
71.9036
72.7926
72.9534
73.0417
73.1145
73.2249
73.7072
75.0773
75.8713
75.9903
76.1205
76.2024
76.4697
77.2558
77.4725
77.6068
78.7749
79.2941
79.3536
79.5637
79.7264
79.7531
79.9846
80.6244
80.9400
80.9962
81.0613
82.7080
83.1176
83.1273
84.3442
84.8609
85.3110
85.7152
85.8390
86.7044
87.7092
88.3997
88.4629
88.8497
89.0824
89.5743
89.6577
90.0950
90.8786
91.1575
91.3312
91.7803
91.8063
91.8743
92.2056
92.4677
92.7128
92.9525
93.0951
93.5390
94.5808
95.0713
95.3784
95.5590
96.0542
96.1497
96.3476
96.3789
96.4744
96.7287
97.2297
97.8599
98.6653
98.8383
98.9137
99.4034
99.6459
99.8513
100.1116
100.1940
100.5894
100.8688
101.5275
101.8234
102.2675
103.5418
103.6015
103.8180
104.9072
105.1010
105.7860
107.4445
107.8507
107.8812
108.0297
108.3646
109.1388
109.1932
110.1005
111.1656
111.8963
112.3154
112.3925
112.4946
113.7868
113.9820
114.4563
114.5609
114.7657
115.9598
116.1595
116.6654
117.4588
117.6104
117.7024
118.2061
118.9222
119.1264
119.9772
120.1634
120.3431
120.4773
121.4707
121.5678
121.6942
122.1739
123.1371
124.0198
124.6292
124.6800
125.5130
125.5164
125.9596
126.1579
127.2170
127.3461
127.3477
127.3743
127.5609
128.0847
128.5192
128.6794
129.0038
129.3931
129.4839
129.8792
130.2030
130.6965
130.7638
131.0850
131.1095
131.2023
131.6343
132.0882
132.0902
132.8390
134.0096
134.3570
134.5205
135.2771
135.5293
135.6737
136.1043
136.6314
137.8363
137.9429
138.3701
138.3737
138.4276
138.7124
139.3774
139.8382
141.8082
142.1885
142.7092
142.7591
142.8130
143.5508
143.8692
144.1462
144.2181
144.3347
144.4529
144.4717
144.6536
144.9185
146.1045
146.4917
146.5135
146.7210
146.8313
146.9863
147.4050
147.5224
147.8250
148.4589
149.0093
149.1869
149.2860
150.2249
150.4776
150.5218
151.1677
151.1816
151.4862
151.9533
152.2176
152.4258
152.6225
153.1248
153.8682
153.9542
153.9801
154.7416
154.8927
154.9557
155.2600
155.5422
155.5494
155.9222
156.0779
156.8565
157.2572
157.6876
157.7359
158.0615
158.4533
158.6326
159.4886
159.7080
160.2280
160.9909
161.0300
161.0541
161.4373
161.5951
161.7929
161.8298
161.9620
162.8702
163.3959
163.5117
164.0159
164.1269
164.3258
164.3528
164.5296
164.5948
165.1486
165.1743
166.0459
166.2730
166.3691
166.4773
166.6200
167.4316
167.7899
167.9308
167.9314
168.4894
169.0169
169.1824
170.0304
170.3216
170.4815
170.5089
170.6930
170.6952
170.9733
171.0149
171.1956
171.7103
172.3260
172.5664
173.0530
174.0964
174.2249
176.1879
176.3784
176.9979
177.2677
177.6733
178.0124
179.2950
181.9170
182.4853
182.5965
182.8076
182.8155
182.8680
183.1559
183.8013
183.8727
184.8570
185.9270
186.2811
186.3378
186.3519
187.2849
187.3341
188.4577
188.6383
190.0392
190.3457
190.6092
190.7671
190.9681
191.5548
191.7665
191.8382
191.9067
192.0415
192.3981
194.0596
194.1943
194.4782
195.2859
195.8551
197.2424
197.3811
198.2720
198.6823
199.0414
199.5885
199.7085
200.1114
200.6727
200.6789
200.7244
200.8265
201.0787
201.3626
201.9338
202.0026
202.0236
202.1499
202.8066
203.3873
203.4845
204.5338
205.9053
206.2601
206.2801
206.3972
206.8454
206.8652
207.1466
207.5404
207.5523
207.6938
208.0437
209.1055
209.3093
209.3955
209.6929
209.6960
209.7430
209.9869
210.0677
210.5181
210.6019
210.9610
211.4201
211.4219
211.8704
212.7008
213.1344
213.6098
213.7000
214.2701
214.5973
215.2086
215.6247
216.0669
216.5097
216.5185
216.8826
217.9733
218.0089
218.0115
218.5084
218.5823
218.7686
218.8992
222.2265
222.6131
222.7982
222.9042
223.1642
223.9080
224.1800
224.3959
224.8431
225.0328
225.4639
225.5702
226.1743
226.3786
226.8304
226.9024
228.7092
228.7626
228.8138
229.0437
231.0239
232.1738
232.3445
232.8894
233.7736
234.7806
235.7567
235.8650
237.9315
238.9155
239.3414
239.6733
239.7151
240.4954
240.8546
240.9248
241.9661
243.2531
243.6676
245.0895
245.2738
245.9303
246.1262
246.6261
246.9718
247.0172
248.0789
248.4805
248.6109
248.6547
249.3320
250.2983
251.1314
251.9685
252.7323
253.0746
254.9885
255.9737
256.0951
257.8295
258.5920
260.6159
260.7966
260.9532
261.3023
263.2032
263.7794
264.2464
264.4696
264.8234
266.5466
266.8193
267.0181
268.5205
269.0131
270.5967
272.4452
272.6643
273.0063
273.7761
273.8541
274.0335
274.1286
274.3269
274.9718
276.4515
277.0676
277.5029
278.0376
278.2703
278.5803
278.7282
278.8002
279.0309
279.1774
279.3469
279.7655
279.9509
280.3630
280.4387
281.1170
281.4659
281.5122
281.8537
283.0015
283.3892
283.7581
283.7719
284.1231
284.7524
284.8259
285.0620
285.5929
285.5960
285.7263
287.3526
288.0455
288.7417
289.1946
292.3093
293.1246
294.9717
295.0520
295.6970
295.8774
296.1212
297.3061
298.3278
299.0238
299.6098
300.2063
300.3601
301.4692
301.5813
302.7568
304.9693
305.5663
305.6510
305.7375
306.5106
306.6761
306.7741
307.4687
308.3840
308.6474
309.2072
309.8350
309.9438
310.1711
310.3358
310.7915
312.2714
312.8818
313.4763
313.9566
314.4829
315.2039
316.0304
316.8954
317.8185
317.8896
317.9404
318.1946
322.5517
323.0603
323.4674
323.4844
325.3528
325.4827
325.7649
327.0877
327.1647
327.4612
328.3022
329.3939
331.9954
335.7941
337.6706
339.7680
339.7791
340.2934
341.6152
341.6606
343.5104
344.5038
346.0509
346.0741
346.7714
349.7200
352.4301
354.5794
358.6119
360.3991
361.4379
361.6202
362.1033
363.0754
364.1730
365.3578
367.4618
367.6505
369.8723
370.6275
371.5971
371.9489
373.0899
373.1986
373.7511
374.1532
374.1756
374.9541
377.6733
379.0711
379.2155
380.0886
380.7502
380.8649
380.8817
385.0325
385.3184
386.0516
386.7332
386.8062
389.0750
391.0175
391.4455
394.5041
395.2531
396.2365
397.9526
398.9808
399.0465
399.1056
399.6046
399.9607
401.7684
402.8028
402.8573
403.5098
404.3581
404.6921
404.7099
405.6922
406.3262
406.6998
407.8145
408.4470
409.5018
409.5635
409.7854
410.1208
410.1660
410.2118
411.1966
411.8372
412.5069
412.5856
412.7597
413.1336
413.7449
413.8117
415.4078
415.9743
416.1355
417.4594
417.7167
418.0084
418.2314
418.9276
419.0727
420.0142
420.6043
420.7429
422.3031
422.3145
422.3450
422.8553
422.9049
424.7730
424.7809
425.2921
426.7181
426.7889
427.0127
427.5387
427.6631
427.8672
429.2351
430.0083
430.2732
432.3884
432.7261
433.0601
433.9742
434.2100
435.0504
435.9809
436.5840
436.6123
436.8341
437.4090
437.6818
438.6883
441.6228
441.6830
444.3144
445.3931
448.3625
448.4061
450.1722
450.7298
451.0903
453.3869
454.1838
454.7871
455.1670
455.3631
455.8539
456.9482
458.4403
459.0299
459.0549
459.3198
459.4372
459.4381
459.6010
459.6327
460.3640
461.5020
461.9578
462.1861
462.8151
462.8956
463.0231
465.3457
465.3864
470.8463
471.1509
472.5773
476.7750
480.9122
481.4805
482.5502
482.7037
483.1297
484.5159
487.2359
487.3286
488.2679
489.9401
490.0204
490.4214
490.7375
491.0303
492.1877
496.2955
496.6426
496.6998
498.5151
498.9180
499.8142
499.8455
499.8580
500.0811
500.2016
500.3893
501.4162
501.5235
502.9272
503.1158
503.8638
505.3107
506.2130
506.4656
506.5255
507.8164
508.8078
509.4117
509.6257
510.6926
510.7151
511.4460
513.3352
514.4770
514.9718
516.6326
518.6137
524.9902
525.9094
526.3917
527.3425
527.8184
529.4830
529.7555
530.9942
531.4594
532.2863
533.2537
533.8894
533.9311
533.9751
534.1035
534.6295
535.9027
537.8769
538.2270
538.3964
540.1505
540.3674
540.5717
541.1947
541.5385
542.1891
543.6475
545.2378
546.0947
549.2712
549.3579
550.7121
552.2915
552.5046
553.9566
554.6483
555.0438
556.3273
556.6966
556.9832
557.6952
557.9723
561.3685
561.5555
561.8411
562.3898
562.5328
562.6030
563.3338
563.7678
565.5848
567.1357
567.2746
568.3191
568.9265
571.1364
571.4946
574.7694
575.0415
575.8103
577.7567
577.9258
578.0098
578.4829
578.5089
578.7581
578.9505
578.9698
579.6036
580.5470
581.0660
585.1753
586.5855
587.9911
589.2061
590.5714
596.8566
599.4078
599.6917
601.4297
602.0949
603.3747
603.9651
608.3489
608.8146
616.0512
621.3868
623.2260
624.0253
625.8249
627.1332
629.2323
631.7216
637.6678
642.3650
649.2551
652.2676
659.9901
671.8694
676.3953
680.3446
685.5651
687.7054
690.3331
691.7641
697.3508
699.7156
706.0477
707.6206
711.9281
743.9311
745.7510
781.3478
781.8016
782.4324
789.1660
799.6562
807.4043
814.8704
817.2226
817.7696
819.6556
820.8402
821.8449
823.1444
826.7067
827.0593
827.2064
829.5488
830.4252
835.6452
835.8860
839.7366
840.7430
842.7451
847.6496
848.0254
852.2370
854.2419
854.3443
855.6215
857.2823
857.3277
858.1555
858.1775
859.0588
859.1822
859.5250
860.9751
863.5614
864.3744
864.5204
870.1986
871.3169
872.0537
872.6886
873.6046
874.5176
875.7299
877.2247
879.0585
884.7738
884.8587
885.7096
890.8237
890.9698
892.5787
892.7624
894.6748
894.8956
895.8914
896.7954
899.3600
901.1758
901.9353
902.8976
904.0113
909.8731
911.2903
912.9636
913.6116
913.6545
914.5248
920.6918
922.2325
936.6165
948.4435
955.6258
955.6283
958.0417
964.5734
965.5095
968.3914
970.3259
973.0960
978.9247
984.8419
986.7075
987.4205
988.6424
988.9512
995.1443
997.1145
1004.6215
1006.3571
1010.0259
1010.6217
1013.0966
1013.1246
1016.4172
1027.5956
1027.9104
1028.5431
1028.8084
1041.6284
1042.9943
1047.4452
1048.6538
1049.4156
1052.4180
1055.2119
1055.8090
1058.1976
1058.2726
1058.3292
1059.2928
1060.4314
1062.1472
1066.1196
1067.7511
1068.1548
1069.5625
1071.4939
1072.8664
1073.2866
1080.0540
1086.9336
1089.8941
1091.9691
1094.6165
1095.6700
1096.6520
1097.9140
1098.2112
1098.9699
1099.5096
1101.2602
1106.1018
1106.1660
1106.4549
1107.2812
1109.3871
1111.2153
1116.4469
1117.5555
1120.7789
1121.7618
1125.6597
1128.8201
1129.4276
1130.0305
1130.8085
1131.0722
1131.3547
1132.2183
1132.3904
1133.2744
1134.6201
1139.7527
1140.8290
1142.0829
1142.6967
1142.8635
1143.4002
1143.4624
1143.6210
1145.0251
1145.1700
1145.9463
1146.0227
1146.6235
1147.0230
1147.8117
1151.7774
1158.3095
1158.7103
1162.7986
1164.4416
1167.9954
1170.0453
1172.3722
1177.2122
1178.5771
1178.7832
1181.7330
1189.2473
1189.9789
1190.8462
1192.0211
1197.2209
1198.3989
1201.6921
1203.9226
1209.8289
1210.2647
1211.3645
1212.6563
1214.5333
1216.5181
1218.1558
1219.0751
1219.8914
1220.7941
1221.2390
1224.6042
1225.6304
1226.7649
1227.1668
1232.2009
1235.1317
1237.2026
1241.6696
1246.8447
1256.9622
1257.7543
1259.0148
1270.7541
1271.1132
1271.4023
1277.6877
1279.0460
1279.6933
1280.5743
1281.4851
1284.1763
1285.1923
1285.6592
1285.6910
1290.9991
1300.2512
1300.3485
1302.7682
1307.0531
1308.9181
1309.6371
1309.8305
1319.3309
1321.1115
1321.9916
1322.7946
1328.4983
1334.3412
1340.9088
1346.5126
1360.4442
1361.2966
1361.4564
1362.7283
1363.9656
1364.6410
1370.4937
1371.8343
1373.0269
1373.5178
1375.6668
1381.0219
1382.5970
1392.9064
1395.7114
1398.8389
1401.0735
1404.4443
1406.5506
1421.6720
1428.3715
1431.5287
1433.1946
1439.7381
1448.1669
1458.0450
1630.2537
1633.5514
1644.7143
1655.0602
1667.6657
1687.5022
1694.3391
1702.1837
1727.4304
1733.4297
1740.2521
1745.3502
1776.2757
1776.3423
1776.3505
1777.6624
1778.0816
1790.5991
1791.8063
1799.9623
1800.1696
1812.3896
1823.3483
1847.7587
1850.6061
1858.6354
1930.9381
1932.7714
1935.4442
1937.1218
1937.6429
1938.0445
1943.6511
1972.4896
1994.4683
2008.9377
2025.1911
2025.6437
2328.0753
2336.7879
2567.5008
2579.5595
2580.8830
2583.2682
2593.0368
2593.8114
2594.5564
2594.6047
2606.7747
2613.0566
2634.2325
2650.1584
2657.7727
2674.0135
2694.9992
2696.5339
2704.7385
2711.3073
2732.5498
2948.4325
2961.0125
2967.9336
2976.2478
2978.5059
2991.5369
3004.5060
3004.9317
3011.8658
3019.7364
3053.9358
3055.9372
3060.6091
3076.8011
3084.0744
3089.4450
3101.8288
3108.5810
3114.9123
3118.4310
3122.2497
3150.1839
3166.7079
3172.6365
3191.0696
3205.6075
3237.8453
3270.4242
3272.9744
3274.2122
3291.5438
3304.6763
3307.4499
3344.4381
3411.6700
3417.8044
3420.8433
3437.4684
3441.7789
3447.3216
3596.5673
3597.3264
3597.6401
3607.0724
3626.8300
3632.2149
3641.0526
3646.8351
3648.9202
3663.1752
3691.4841
3710.9809
3712.4504
3723.9397
3834.3962
3835.8066
3837.0900
3838.7269
3841.2309
3842.2814
3847.6171
3847.6889
3868.6237
3868.7075
3886.4592
3887.8756
3898.9477
3899.8522
3905.4306
3909.3248
3933.4853
3933.5190
3933.7856
3935.5685
3936.1833
3946.8655
3971.0947
3993.8187
3994.4309
3994.8720
3999.7669
4179.5867
4190.7429
4192.2051
4197.2476
4222.5817
4280.1521
4299.5590
4308.0664
4327.7254
4327.9763
4328.8851
4334.6573
4341.4214
4344.9656
4352.0413
4698.8810
4849.9501
4853.7065
4861.0490
4871.2559
4871.4910
4872.0783
4872.7494
4899.6454
4933.7961
4948.1314
4965.3292
4978.4416
5213.3691
5219.8372
5220.0788
5229.0965
5233.0915
5236.6725
5251.6789
5258.0131
5285.0146
5287.3881
5287.5260
5300.2629
5303.4890
5305.4207
5308.5438
5308.5710
5344.2549
5352.4929
5352.8832
5354.9549
5363.8879
5364.3970
5628.4370
5631.4059
5676.1939
5684.4338
5685.0043
5689.8995
5694.6107
5711.0274
5712.8033
5713.4033
5715.1331
5717.5274
5720.6498
5737.4328
5739.1159
5782.2912
5794.3085
5802.3016
5804.3428
5807.9862
5813.7922
5829.9075
5832.3060
5836.0844
5840.5220
5842.2597
5849.1545
5870.0566
5884.2840
5887.1779
5893.9070
5895.7482
5901.7170
5902.8528
5925.7917
5926.1309
5944.9141
5950.7170
5985.0215
5985.2032
5990.6734
6001.2515
6003.1088
6003.1522
6003.9965
6012.2240
6013.6134
6039.8235
6054.4229
6054.6273
6063.4001
6102.8394
6150.4484
6154.3787
6157.7267
6160.4739
6161.7438
6167.0686
6176.9387
6178.4201
6178.8933
6182.9072
6190.4373
6202.9437
6204.4745
6205.7088
6229.3988
6242.1710
6242.2846
6273.3634
6273.6264
6286.5803
6289.5730
6289.8488
6295.9240
6302.2714
6309.4813
6311.3370
6325.5267
6332.6841
6333.3768
6338.8098
6449.9718
6476.5231
6476.8134
6492.4083
6508.4464
6511.5074
6519.9371
6524.0521
6552.3621
6563.8763
6568.8026
6569.3968
6572.3544
6606.3818
6617.1655
6618.2330
6629.0666
6629.6466
6632.7338
6634.7171
6642.9694
6682.8301
6684.3019
6693.1196
6695.0740
6699.3241
6722.7015
6723.6479
6759.7185
6760.5588
6764.2772
6775.7792
6786.3838
6792.9586
6810.3734
6820.2523
6829.3702
6829.7658
6867.1598
6873.6623
6874.6036
6876.2314
6933.0329
6943.8521
6964.4670
6982.7420
6990.4451
7000.2987
7017.0385
7019.7573
7024.2160
7025.1840
7025.4095
7025.8256
7067.3101
7074.0129
7296.7567
7301.9334
7302.2967
7329.7599
7348.9716
7377.8165
7378.9646
7469.6455
7470.0000
7473.8939
7479.9358
7539.8262
7552.3184
7553.7395
7559.3348
7561.7577
7567.5848
7585.5850
7585.9736
7604.7976
7606.9694
7619.0013
7620.5387
7625.5738
7637.2470
7653.5073
7655.8901
7656.4794
7671.7039
7683.6292
7684.7021
7684.9906
7685.1259
7685.5585
7685.5776
7686.9261
7686.9934
7689.9396
7735.7364
7750.6800
7750.9589
7762.7459
7766.9247
7873.8132
7878.8364
7882.0155
7883.0634
7886.8742
7889.8760
7891.0928
7891.3936
7895.9676
7898.6639
7899.6337
7905.1642
7957.5291
7958.1551
7958.1662
7958.4446
7973.1547
7975.4805
8064.0953
8071.7032
8092.0221
8112.3086
8123.2337
8126.6829
8128.9341
8144.3757
8145.1583
8162.0260
8163.7947
8166.9430
8177.6130
8178.7254
8179.9486
8180.0685
8200.3399
8212.8041
8224.6760
8228.1570
8237.5299
8249.9699
8253.4645
8254.2061
8283.1988
8286.2649
8301.1253
8304.3848
8320.4360
8430.7234
8432.5313
8432.9742
8443.6281
8445.5749
8449.5268
8451.1097
8474.7566
8585.8291
8587.6100
8606.7181
8612.6989
8638.0078
8640.2041
8648.6736
8668.7987
8670.5179
8671.6806
8684.5704
8740.5272
8752.0473
8768.4938
8771.3686
8774.0211
8782.6319
8799.6096
