4246	0	42384.6762	49400.8723	41492.76729981309	75858.36631647465	83503.52724080034	97708.63729874666	0.04246
71.3828
72.9055
75.2549
80.6148
83.2702
106.7521
116.3351
127.4017
134.7147
149.6391
154.6756
161.0050
168.1306
170.8973
180.1431
190.6121
191.8710
193.9948
195.7635
204.7885
212.0818
212.4463
212.7536
215.1293
220.8393
224.7537
229.2481
240.0016
243.1782
247.1998
249.7185
265.8669
283.1561
306.0492
388.1169
400.5495
411.8007
445.4763
451.9181
458.9593
502.5853
503.0534
506.9535
523.0663
544.3950
571.9719
593.4791
621.0558
637.9373
642.8015
643.4878
648.2924
659.1717
685.9492
730.3182
737.8303
751.9798
807.3265
828.9175
839.5495
847.3856
868.1629
879.8079
889.7182
926.7439
928.3969
929.2118
939.5253
943.9452
949.1558
954.9102
957.9321
964.8861
965.9245
966.5674
997.5011
1028.2490
1038.2956
1040.1723
1059.2952
1067.9080
1094.0092
1113.0592
1263.9645
1320.1700
1335.6186
1339.6316
1355.8625
1357.1293
1359.9431
1437.0268
1441.9988
1457.5941
1470.3834
1483.4385
1486.2702
1619.0422
1698.4142
1705.4083
1710.2041
1727.8712
1853.4672
1854.6000
1915.1955
1925.6515
1931.7684
1932.9740
1938.8099
1958.6019
1963.2084
1966.8821
1981.3267
1983.0826
1998.2889
1998.3472
2005.8605
2024.6192
2031.0235
2074.8948
2176.9814
2184.5083
2193.3407
2194.6423
2206.3552
2230.7111
2233.8498
2249.1900
2263.5402
2268.9613
2270.0861
2271.0389
2283.5405
2314.6984
2316.5533
2449.7628
2460.1328
2489.6207
2491.9329
2496.9489
2505.3743
2517.6741
2527.1673
2529.0293
2604.1889
2612.1561
2612.9462
2634.6590
2644.7268
2650.6134
2653.4953
2664.7790
2673.0915
2673.8209
2673.9089
2679.4997
2684.9574
2704.5396
2709.2279
2727.5761
2728.2564
2730.1776
2734.5658
2750.9808
2751.8287
2755.5579
2765.1151
2766.3479
2767.6799
2781.2954
2786.8013
2787.5959
2788.3544
2789.0535
2793.2938
2816.8141
2835.9110
2839.8716
2841.0046
2842.4259
2850.3302
2870.3258
2914.7141
2916.8975
2930.7622
2937.1267
2944.5036
3023.9279
3341.0268
3367.6370
3380.8920
3383.1005
3392.7645
3395.4934
3398.9577
3412.2443
3432.0854
3436.6043
3436.7569
3443.9564
3507.4156
3519.3566
3533.1512
3572.4648
3850.5322
4040.9326
4074.3193
4240.2132
4279.9408
4281.6787
4291.6093
4301.7584
4336.4130
4360.2562
4365.0976
4511.6891
4609.0839
4631.5906
4665.0651
4905.2113
4911.5867
4971.1874
4973.0067
5029.9634
5030.9701
5033.0259
5042.9471
5054.5439
5055.0968
5058.2881
5068.3019
5072.6305
5114.6446
5116.3056
5189.2343
5269.8458
5323.2834
5333.4916
5367.2741
5374.4965
5378.4862
5378.7291
5380.4449
5390.2754
5440.2873
5443.5358
5449.1956
5454.4689
5473.9507
5473.9990
5492.2857
5502.8457
5506.5092
5523.7602
5526.9785
5537.2300
5544.2573
5561.4133
5596.2913
5629.2635
5635.1892
5637.4265
5642.7265
5652.6929
5662.4117
5673.7501
5676.6637
5689.8138
5855.1943
5862.2967
5892.9569
5898.3950
5908.0685
5943.0357
5953.0298
6051.1774
6083.2363
6115.7433
6129.7629
6133.7329
6140.7538
6163.4642
6173.6680
6200.7904
6215.6423
6223.2748
6243.9191
6319.5553
6319.9944
6337.3261
6340.0360
6356.5192
6376.1658
6391.8827
6403.2660
6406.5326
6409.8113
6417.2530
6432.2472
6440.6114
6461.5966
6469.8226
6470.1080
6487.4995
6487.8908
6501.1937
6506.0210
6525.6537
6535.4737
6569.6496
6620.7345
6631.2161
6649.4868
6688.5614
6754.1163
6758.1305
6778.0316
6800.7552
6801.1813
6806.5021
6808.2570
6853.0598
6881.3832
6892.0210
6924.6073
6970.1100
6980.4702
6984.8341
7021.1127
7035.7922
7039.2446
7042.9949
7069.6991
7069.7261
7074.6493
7077.8698
7082.5112
7089.2205
7090.0865
7095.8768
7097.0645
7101.8854
7136.8500
7163.3698
7169.8717
7172.3827
7181.8813
7188.1705
7197.0391
7206.4375
7226.7406
7229.1034
7232.2837
7329.7534
7413.9651
7419.8646
7423.5012
7441.3793
7472.9027
7477.5974
7502.5171
7521.3718
7528.8912
7529.2721
7544.6061
7578.0580
7717.9610
7727.8993
7732.3825
7805.6285
7832.4439
7833.1290
7837.6677
7853.5429
7858.1581
7869.7918
7874.3102
7891.3897
7903.3446
7907.0504
7910.7180
7957.2496
7963.9250
7971.2167
7991.6673
8022.0209
8024.8225
8028.3801
8031.3846
8042.5499
8051.5154
8055.9763
8056.2606
8058.0137
8117.4942
8149.8301
8177.4713
8191.7559
8197.4499
8218.8543
8241.4972
8262.7959
8264.2041
8295.7494
8304.4539
8319.3008
8342.2039
8347.9707
8362.3877
8377.9354
8383.6421
8395.3623
8413.9500
8481.7420
8490.8558
8496.1385
8499.7939
8500.8905
8508.0307
8510.5244
8512.9761
8513.3640
8519.9051
8534.0156
8538.3740
8539.3136
8539.4422
8542.3333
8542.9510
8549.6285
8559.7096
8560.4841
8566.2552
8583.4261
8589.2603
8594.1840
8596.2712
8605.3060
8637.1520
8645.3529
8650.7748
8653.7564
8659.5961
8659.6732
8697.6777
8728.9852
8757.0957
8778.1810
8778.2503
8789.7112
8803.2412
8817.9934
8820.2255
8891.0571
8895.2313
8899.1603
8959.1083
9000.4392
9017.5215
9056.9076
9059.6003
9076.6248
9088.4245
9114.8808
9118.3953
9148.8228
9152.5963
9252.2320
9264.2283
9279.2576
9319.7102
9325.2740
9344.5107
9374.6461
9397.7782
9404.5766
9405.0636
9408.8862
9414.9995
9416.3476
9421.7739
9423.9060
9428.2724
9453.2143
9453.7564
9457.4972
9457.5104
9481.2464
9493.1010
9535.3548
9547.2152
9566.8534
9615.2676
9617.0754
9671.3344
9691.4344
9695.5541
9695.7370
9747.5938
9751.7307
9754.6134
9757.3415
9764.4325
9782.6252
9785.7409
9806.8921
9813.3905
9835.1328
9888.3717
9892.5521
9904.4948
9906.2811
9914.2466
9921.9429
9932.9141
9944.2620
9946.4366
9953.8460
9960.1586
9978.2022
9981.1630
9984.1441
10020.2865
10038.7172
10073.6308
10083.0937
10091.6826
10098.3377
10141.1799
10146.2634
10161.4828
10164.5376
10166.4140
10167.1005
10224.5863
10228.7831
10235.2996
10257.8216
10289.7737
10291.4528
10291.5076
10305.9874
10311.0093
10333.4349
10343.9234
10353.8622
10357.7084
10373.5830
10374.2399
10374.4049
10376.0272
10379.8446
10380.6806
10384.7761
10417.0536
10426.1768
10450.2173
10451.7997
10502.6464
10612.8953
10614.9240
10620.2184
10628.7472
10657.1732
10675.9719
10702.0388
10719.0937
10719.5757
10730.9416
10733.5680
10786.6164
10787.1989
10829.3186
10870.4516
10872.1190
10977.0088
10990.3676
10997.9261
10998.6950
11001.8144
11005.5285
11007.6741
11031.4889
11073.9510
11079.1700
11112.6748
11120.2436
11141.1472
11150.7431
11214.4802
11303.9189
11368.2011
11370.4312
11392.5209
11459.9956
11474.2602
11475.1577
11498.9168
11500.5047
11559.7445
11574.5654
11576.0685
11577.6095
11585.5558
11590.8411
11595.5724
11601.9825
11629.5881
11648.7382
11665.2442
11667.8011
11673.4644
11679.5952
11691.6072
11701.5707
11702.9027
11715.4868
11760.8437
11780.0615
11782.5767
11793.5002
11796.8487
11843.9783
11844.8899
11851.3945
11853.5836
11864.4798
11887.6975
11894.6053
11900.3550
11942.8104
11965.7436
11981.2747
12003.1767
12035.0832
12036.2736
12038.8328
12041.6427
12042.1158
12051.6150
12053.2231
12086.9177
12087.6314
12092.3396
12095.6583
12126.2725
12130.8692
12172.1831
12177.3121
12195.7947
12219.2320
12220.9807
12240.0593
12266.6966
12313.9258
12323.6896
12327.9168
12330.6577
12332.3477
12381.7181
12387.0065
12392.6892
12394.3440
12399.4764
12405.5222
12416.1907
12420.0654
12436.7125
12440.3799
12443.9654
12449.0888
12449.8792
12609.2268
12613.2785
12629.9641
12664.6718
12672.0465
12726.6529
12728.1715
12759.2985
12883.9630
12904.7709
12987.3738
13044.7641
13046.3178
13053.1068
13053.9291
13061.7530
13062.5795
13081.7187
13087.1388
13109.6245
13114.9588
13115.8448
13119.4009
13146.4332
13205.8817
13206.2160
13232.9450
13238.9534
13242.7373
13276.7720
13297.1513
13331.9364
13341.8768
13357.0035
13361.1990
13370.7107
13401.2235
13401.6991
13482.7111
13532.9337
13537.5655
13542.8784
13546.6603
13561.0745
13573.5928
13576.4548
13594.0332
13618.5623
13623.8559
13659.1375
13670.8354
13679.5892
13680.8842
13687.1051
13687.2887
13694.1896
13697.7659
13738.2528
13742.2269
13769.4984
13812.1197
13837.1529
13851.9488
13856.0340
13878.1157
13889.4433
13916.8148
13930.5742
13936.5555
13964.5573
13983.4416
13990.0864
13998.8201
14005.7449
14127.0724
14300.9082
14305.6173
14308.9968
14315.1038
14318.6978
14567.5758
14718.2186
14720.4581
14720.6528
14724.6542
14736.2388
14768.0899
14775.4281
14789.0074
14804.3990
14855.8796
14870.7526
14875.2132
14875.5299
14878.5326
14884.3047
14893.2963
14903.2836
14916.5065
14921.8887
14930.5231
14936.8905
14950.2868
14961.1494
14967.1997
14967.5487
14967.8027
14968.5385
15058.1032
15061.2097
15064.2307
15073.0117
15087.4050
15090.4382
15094.6833
15109.7206
15172.3038
15183.8646
15214.6850
15254.0937
15259.9378
15328.0464
15334.7317
15350.2707
15396.6974
15409.2283
15413.5038
15427.2814
15446.6737
15526.5536
15543.3107
15600.5664
15604.0461
15648.1694
15679.2247
15688.8333
15700.7737
15704.9642
15708.0467
15715.2592
15740.3716
15740.9390
15754.6160
15761.0302
15762.6922
15763.4121
15790.0565
15812.2547
15817.8075
15829.7292
15857.3752
15858.8784
15876.2274
15876.7805
15889.3165
15902.3793
15908.9695
15914.5633
15919.0458
15961.5603
15975.2377
15980.3094
15991.8133
16000.4036
16039.9577
16066.3462
16252.9796
16262.2193
16278.9040
16323.7908
16357.8727
16364.8348
16365.2849
16375.7575
16385.8705
16394.5062
16395.9297
16398.9909
16402.3380
16406.0428
16477.0114
16517.2863
16519.7233
16543.2542
16544.7769
16544.9674
16548.1785
16550.2329
16557.5697
16667.9957
16694.9049
16695.3105
16698.2766
16716.7324
16718.0732
16723.9629
16767.0466
16772.9797
16777.5101
16779.8422
16796.3107
16892.1967
16906.8724
16911.2221
16917.7568
16919.5921
16925.3296
16959.4581
16996.3913
17172.9672
17224.3450
17234.5569
17239.8389
17263.9353
17277.8043
17280.4210
17291.5348
17309.4851
17367.9790
17376.5197
17378.4288
17414.5066
17427.2949
17449.5083
17467.9264
17481.2904
17482.5625
17489.8962
17491.4117
17501.1104
17503.3639
17518.0458
17537.1103
17556.5707
17557.8777
17603.8394
17610.1580
17610.3975
17612.0616
17628.9736
17680.0419
17716.5475
17721.4304
17789.0071
17817.4845
17855.4993
17869.5297
17908.1486
17926.5338
17928.1695
17928.6551
17928.9391
17929.2176
17931.6934
17935.2019
17948.9197
17977.5864
17983.4264
17985.0047
17993.2526
17995.2446
18018.3831
18029.3272
18035.0495
18035.2674
18035.9068
18038.2266
18039.7386
18043.1652
18043.3373
18043.3524
18046.3814
18055.4708
18055.9317
18082.7444
18084.6411
18084.7976
18086.0679
18087.6621
18092.8717
18112.0899
18113.7503
18126.3491
18128.2458
18132.8893
18135.4871
18135.9938
18137.3519
18146.1227
18153.8553
18165.4714
18179.0739
18181.9605
18190.2135
18195.5076
18199.7591
18210.6500
18211.1000
18216.9605
18222.0952
18237.4547
18248.8462
18250.2465
18303.0212
18307.5430
18314.5482
18326.4733
18334.6981
18357.8847
18360.8355
18403.7822
18430.4902
18464.3217
18503.9472
18512.1205
18521.5161
18530.6537
18532.6390
18565.2656
18608.0900
18683.8282
18686.9707
18719.9766
18734.8519
18737.5205
18737.6573
18774.7353
18796.1021
18803.8447
18843.4190
18855.0855
18876.7158
18893.0630
18895.1072
18900.2850
18904.5135
18907.2875
18908.2012
18924.3135
18928.8295
18939.3522
18972.5982
18993.6778
19023.3876
19081.9360
19105.7940
19110.6384
19120.8126
19126.9561
19148.4809
19150.7643
19158.6203
19166.8149
19171.7320
19177.6619
19202.4236
19271.0488
19362.0850
19374.3859
19418.2982
19431.6322
19441.3210
19548.7838
19570.2217
19638.7096
19641.7967
19647.3462
19670.9893
19673.9985
19738.0086
19751.4311
19779.8863
19787.3281
19900.0291
19998.5166
20124.8657
20150.9358
20191.9655
20201.3935
20211.4718
20237.0772
20302.8020
20318.9750
20341.0030
20345.6151
20348.5901
20352.1947
20406.6888
20412.4638
20433.1569
20453.6182
20454.3354
20461.4006
20515.8266
20525.6162
20571.4131
20755.3219
21188.3326
21221.4983
21243.8954
21262.7780
21310.1430
21344.3824
21346.6886
21391.2039
21420.2730
21423.3170
21425.6388
21428.1474
21465.3049
21476.3261
21477.0239
21480.5159
21482.0332
21493.7989
21504.8320
21520.4965
21540.4954
21550.8347
21559.8526
21570.6357
21596.0746
21597.9164
21714.7156
21722.8656
21734.7337
21737.3431
21740.7588
21741.7706
21744.7930
21751.1580
21754.1577
21758.4397
21779.9632
21781.8108
21783.3253
21784.5289
21801.2897
21802.9394
21815.5596
21841.9161
21941.5551
21967.9311
22004.7300
22027.9556
22079.3650
22232.8361
22282.0212
22531.3601
22544.1336
22559.7240
22683.4220
22721.2772
22732.5315
22739.3037
22740.6537
22823.3299
22837.7122
22859.5391
22957.7657
22960.2997
23150.8258
23190.8307
23202.7812
23206.7035
23208.8918
23209.9993
23212.8238
23217.2235
23236.1366
23238.6275
23239.9056
23247.4987
23254.9483
23259.0613
23266.7538
23271.1489
23279.6729
23295.9730
23298.5726
23304.6579
23306.7132
23308.8249
23333.6461
23384.7426
23395.3434
23399.2246
23401.1338
23437.2122
23469.1993
23477.6250
23497.9011
23539.0436
23549.9888
23591.8609
23592.4484
23626.7363
23730.3596
23782.7953
23798.4870
23823.8328
23881.2146
23924.3658
23946.1077
23977.2299
23979.6797
23999.0550
24096.2544
24102.2978
24107.1776
24114.4312
24115.9751
24119.5633
24119.9936
24126.1602
24136.9184
24151.6961
24228.4473
24322.2162
24322.4804
24331.9618
24341.0425
24356.3402
24357.1886
24358.6694
24360.9190
24375.3392
24381.5695
24391.7618
24410.2413
24416.1186
24462.0336
24479.9847
24485.7974
24511.3283
24538.3151
24596.9407
24602.8010
24608.8513
24615.9495
24625.3147
24650.9261
24664.0021
24672.3566
24673.7055
24689.4610
24691.0245
24700.6232
24716.0783
24721.8959
24722.6917
24735.2130
24739.6502
24775.5540
24804.8565
24851.2281
24858.1015
24865.8177
24876.9581
24882.6139
24929.9301
24939.8139
24941.8601
24943.4930
24946.9972
24956.9231
24974.3147
24978.3129
24990.4410
24995.4321
24997.3905
25006.3407
25015.1098
25036.0340
25037.2327
25038.4493
25044.3058
25050.1558
25059.4926
25064.9499
25066.9270
25071.0458
25072.2532
25089.0263
25093.4247
25097.5112
25122.9117
25163.3411
25219.1458
25235.2893
25237.9711
25303.5538
25304.8972
25321.6114
25326.0470
25332.2220
25352.3345
25365.1147
25374.1270
25564.3423
25575.5604
25632.0448
25649.2333
25678.1050
25695.2200
25717.5681
25744.0944
25745.1880
25756.3697
25770.7445
25788.8695
25806.8637
25891.7563
25941.7289
26064.6257
26076.2949
26077.7881
26094.6777
26155.4888
26168.3809
26188.1709
26215.6611
26235.5854
26235.6743
26264.3328
26266.5864
26286.8601
26287.8994
26296.1659
26299.9842
26304.1932
26306.3943
26344.1691
26350.7191
26371.5532
26389.1021
26398.3106
26400.4114
26403.4043
26422.0585
26427.6782
26443.1448
26458.8178
26479.7005
26516.7826
26559.0798
26578.0762
26589.8263
26592.7920
26602.6299
26607.1364
26633.9334
26656.2853
26661.8855
26663.1723
26673.4862
26710.6676
26717.9487
26724.5001
26728.0117
26780.2451
26785.2409
26788.1815
26793.3791
26801.0794
26812.6277
26826.6092
26833.2586
26854.5459
26864.4794
26876.5841
26890.9939
26902.7822
26903.5718
26906.3405
26908.5467
26914.5955
26923.9911
26948.9405
26952.8946
26981.9278
27011.1421
27053.7022
27059.7089
27075.8281
27080.5068
27080.8014
27083.4092
27086.6146
27087.9935
27124.6399
27146.9777
27178.1965
27206.8561
27207.1541
27210.2394
27236.0274
27277.9770
27365.8469
27488.0355
27496.3539
27518.5712
27549.8939
27550.0710
27558.9836
27576.4569
27590.2437
27594.9256
27597.3456
27601.3604
27609.9914
27613.1855
27615.0722
27620.0681
27626.1311
27639.2824
27640.3680
27641.6393
27642.1419
27643.7632
27646.5988
27655.7084
27672.4877
27675.6519
27700.5505
27711.0382
27717.0432
27720.3789
27734.1209
27739.9192
27744.3876
27749.7440
27766.4996
27828.3946
27853.5070
27875.6744
27876.8822
27890.2510
27896.3211
27897.4988
27904.1948
27922.9164
27925.5140
27928.7663
27938.5753
28048.3930
28065.9655
28071.1736
28115.8065
28116.7315
28126.7261
28127.5422
28173.6542
28224.0269
28252.8805
28256.2701
28275.7874
28287.8386
28325.8626
28354.8021
28387.9877
28390.7292
28407.1131
28414.0384
28455.9303
28475.0402
28478.5845
28479.6154
28495.3347
28506.5750
28520.7406
28533.2888
28552.1207
28626.3231
28629.5576
28640.6256
28644.6775
28665.2629
28672.0102
28673.2812
28675.3075
28680.4450
28683.1051
28691.9886
28737.6375
28743.0570
28751.5903
28848.0490
28931.3168
28969.4031
28978.9631
29059.7795
29070.4611
29205.6470
29269.0243
29272.2669
29276.3000
29289.0466
29306.6135
29310.3630
29322.2528
29322.4997
29395.2263
29428.2090
29430.6057
29461.6169
29503.8553
29527.5566
29536.4496
29538.1409
29544.1108
29560.8155
29563.2446
29575.1014
29633.6069
29653.6670
29664.7898
29665.6247
29864.9976
29872.8909
29881.9706
29887.9575
29888.7687
29892.3522
29902.3425
30035.5565
30052.6857
30097.7948
30126.1168
30141.8027
30148.7064
30167.4798
30179.1353
30259.5973
30282.6286
30301.2174
30304.5289
30322.4526
30334.7597
30353.9899
30385.8792
30453.2016
30466.4478
30595.8780
30595.9582
30617.5065
30685.4781
30688.5409
30696.7693
30703.5431
30704.3105
30752.2632
30770.4846
30780.3283
30796.1665
30803.7112
30820.0222
30836.8903
30841.8638
30843.0796
30849.2017
30868.9500
30885.5462
30934.1096
30937.4968
30937.8781
30945.9983
30956.4386
30959.2731
30976.7688
30981.3849
30997.9715
31002.8304
31025.4523
31031.4752
31085.3130
31087.2833
31103.3938
31103.8450
31109.0092
31123.9437
31129.8566
31141.5023
31152.9806
31164.8726
31175.9062
31182.0538
31187.1359
31198.8403
31208.2631
31209.0501
31212.7024
31224.4086
31245.6696
31263.6017
31299.3017
31305.0152
31311.4983
31321.4674
31329.7225
31336.0526
31367.0755
31377.9693
31382.2231
31385.8213
31395.0460
31400.7269
31404.5440
31406.2710
31481.6341
31481.9550
31482.9993
31504.1331
31523.8669
31549.7219
31549.7937
31566.4958
31570.4915
31578.0455
31579.3294
31579.8149
31592.7333
31609.8985
31627.2654
31630.0468
31631.5060
31641.5956
31647.7765
31652.4990
31687.5200
31694.9721
31707.1132
31712.7284
31733.1848
31734.4911
31755.9942
31769.9567
31808.4248
31819.5537
32038.4511
32043.5714
32048.9489
32266.6809
32288.0503
32318.7457
32341.7362
32350.3067
32359.8363
32367.8643
32375.3631
32394.1199
32394.6502
32402.5121
32404.2839
32407.3439
32410.5656
32434.3480
32469.8203
32474.7762
32490.8633
32495.9182
32506.2371
32509.0076
32546.1414
32547.8347
32567.9720
32578.7951
32595.3900
32612.6767
32614.8848
32619.5153
32623.3048
32634.6649
32640.1919
32659.4422
32669.9659
32719.0474
32727.5115
32735.7008
32736.9397
32737.5599
32752.7465
32766.9275
32770.1774
32783.4541
32811.8995
32832.7530
32835.9856
32842.0616
32845.9784
32863.8468
32866.9991
32872.1566
32879.0331
32879.7980
32905.6237
32911.1350
32963.8636
32965.3857
33032.3354
33041.8359
33051.2842
33065.0581
33077.3716
33092.2617
33094.2952
33096.7029
33106.9879
33170.0743
33215.1724
33227.4000
33267.8192
33277.6875
33280.1489
33307.5252
33379.0049
33433.4617
33451.6466
33458.2445
33475.8279
33477.6494
33486.7776
33490.7357
33492.5577
33494.6350
33497.6085
33505.1918
33508.1299
33548.0553
33558.1436
33561.6537
33561.6808
33575.3055
33577.3272
33583.1887
33591.1650
33608.7852
33623.3921
33627.3388
33627.9537
33644.3894
33675.2429
33687.9177
33708.5587
33740.6294
33748.5655
33752.3961
33755.8546
33869.2565
33919.2248
33928.4676
33958.7124
33959.0001
33981.6512
33987.2338
33994.4942
34021.0038
34069.8514
34102.9357
34120.5607
34125.7953
34126.4549
34138.6571
34149.4963
34157.7744
34198.9137
34202.9758
34209.7871
34221.3829
34230.2549
34237.1921
34247.9806
34258.4184
34267.6246
34273.0044
34278.3595
34304.1909
34306.3929
34308.1781
34324.7314
34330.9265
34337.4223
34343.2499
34345.5010
34345.6320
34352.7267
34352.9598
34359.9093
34366.9428
34437.3194
34442.2011
34516.6449
34521.6116
34539.6904
34554.1959
34561.7372
34564.1039
34590.2731
34625.5875
34643.8284
34654.8498
34659.5362
34675.9394
34680.8483
34681.5962
34689.4969
34696.5454
34700.6325
34730.3233
34731.0335
34733.1293
34735.5249
34735.5472
34736.7382
34739.6225
34756.4484
34760.5982
34762.0454
34762.4601
34765.9156
34769.6003
34778.5812
34779.1025
34782.8798
34785.0784
34786.3467
34787.6698
34789.5862
34791.5462
34802.7308
34814.7623
34817.9978
34835.9985
34840.0117
34855.8215
34875.0234
34888.7556
34894.2439
35034.7926
35038.8407
35071.7511
35093.7101
35106.3979
35114.8233
35135.5191
35173.3964
35204.7957
35215.0680
35238.0695
35255.5505
35260.6037
35299.7700
35300.7737
35323.0264
35325.3481
35332.1485
35335.5757
35338.5250
35363.2067
35368.3369
35373.7303
35378.0872
35382.8210
35385.8726
35393.4355
35398.9595
35406.9461
35418.8776
35430.1153
35436.4484
35445.5325
35454.5410
35459.7608
35481.7735
35522.6046
35533.3162
35585.5257
35586.8546
35615.9546
35623.4073
35645.6091
35684.2771
35701.6982
35703.8574
35710.7916
35810.8102
35813.0651
35827.2744
35856.6027
35858.7568
35858.9257
35863.3902
35865.9681
35875.3262
35875.4853
35879.4537
35885.7070
35888.4789
35915.8451
35947.8172
35949.2268
35959.0184
35995.6725
36053.0633
36089.2079
36089.7077
36109.8078
36133.4308
36140.5503
36168.4509
36185.7021
36232.5290
36250.3875
36261.8030
36268.1003
36277.1879
36282.4199
36292.5863
36296.1038
36322.7878
36357.6847
36358.1452
36369.2875
36409.0425
36410.0733
36429.3744
36439.0860
36444.2869
36463.4095
36467.3294
36472.2894
36472.7393
36473.8088
36601.6638
36609.1829
36683.3162
36684.4575
36692.7676
36700.9796
36705.0717
36705.5932
36746.7585
36748.3265
36765.7131
36770.7687
36796.0470
36799.9732
36814.2189
36885.2852
36890.2696
36890.5219
36901.2068
36919.0306
36922.1693
36930.0050
36931.8707
36949.8752
36951.9178
36958.6133
36961.5124
36961.9871
36970.2676
36986.3207
36990.0951
36999.5972
37011.0143
37015.6963
37016.4951
37020.2216
37026.9877
37035.1712
37136.1355
37233.7579
37280.7163
37295.3345
37314.2131
37314.7214
37320.5456
37323.2909
37323.3671
37345.0793
37364.9408
37378.4001
37383.4674
37397.2921
37398.4382
37399.3220
37401.9920
37477.6231
37559.0087
37579.5462
37579.9523
37768.6400
37775.2870
37781.2792
37789.8456
37797.5507
37808.7716
37854.1229
37891.6944
37952.8283
37994.9606
38028.6499
38036.2566
38120.5562
38125.5709
38155.6591
38175.1144
38175.7252
38176.0874
38190.3866
38208.6224
38226.1449
38299.0833
38312.9549
38321.3237
38347.7137
38362.7295
38397.6745
38411.1946
38411.8554
38419.6485
38421.6902
38422.0361
38423.5200
38428.7571
38429.1015
38430.2283
38432.0009
38432.2886
38440.5974
38462.3074
38478.1693
38490.4347
38512.8536
38516.3533
38535.2445
38598.5661
38615.0534
38619.4361
38620.7795
38623.7138
38680.2724
38725.5562
38737.6099
38739.2189
38740.0875
38748.8615
38753.4031
38756.7055
38767.8942
38783.2458
38812.1132
38820.1608
38834.2976
38847.9012
38873.6188
38883.3768
38904.1215
38906.9486
38937.4396
38956.1390
38960.0402
38967.0147
38973.0131
38975.8085
38992.1782
38994.7079
38994.7447
39009.1824
39009.4316
39017.1970
39017.2890
39032.8980
39054.1762
39088.2315
39094.1599
39115.0483
39142.6862
39223.9135
39275.4355
39302.7019
39323.8849
39327.1182
39419.7746
39435.3419
39497.3252
39596.8536
39606.6290
39678.8528
39744.4935
39757.8084
39824.7535
39825.0353
39874.9850
39890.3181
39909.4423
40044.5017
40100.4831
40103.9960
40123.0725
40123.0913
40180.3955
40190.2917
40227.0778
40289.8521
40375.7363
40396.5322
40400.3695
40415.0923
40435.5846
40541.1278
40562.5984
40564.7803
40572.2219
40629.0639
40632.8270
40652.8275
40661.6418
40661.7516
40663.9624
40667.8472
40673.3189
40688.9570
40693.1555
40699.0214
40719.0700
40731.3886
40734.5369
40760.6089
40763.2079
40783.0154
40837.2667
40893.9144
40898.8188
40904.4323
40940.6840
40948.8857
40964.9182
41058.1431
41110.3536
41187.2114
41227.1690
41260.2210
41350.1853
41371.7925
41375.6946
41384.8049
41390.4953
41395.0245
41489.9730
41490.2465
41492.7673
41516.1641
41530.3302
41543.8468
41544.4999
41550.3488
41559.8848
41573.0512
41577.4619
41699.4719
41737.4974
41877.2753
41891.8158
41903.1038
41978.6948
42091.4381
42127.4187
42132.3785
42133.9599
42143.9541
42219.0738
42220.1796
42230.6502
42241.7839
42244.8586
42248.6098
42249.9440
42252.3452
42259.8499
42269.8072
42299.8213
42549.2658
42562.6978
42562.9582
42591.6895
42629.2120
42640.4414
42666.8015
42701.6557
42701.8519
42726.3702
42750.8765
42793.8748
42793.9827
42801.6266
42803.6516
42812.2555
42828.9284
42831.7909
42836.6426
42901.1996
42916.1366
42946.3189
42959.9696
42992.3931
43015.7085
43018.0437
43019.0470
43023.2792
43024.0596
43110.0568
43117.4453
43122.9244
43124.5796
43130.1830
43136.9092
43156.1515
43159.3109
43160.2603
43162.9257
43187.2286
43190.3229
43193.5340
43201.3625
43212.1996
43212.5567
43218.2255
43221.0942
43227.0041
43241.0389
43245.1551
43258.5634
43264.1392
43274.7502
43279.7171
43283.2999
43287.0256
43294.9163
43307.4212
43315.3129
43358.7143
43409.5102
43421.3319
43422.1571
43431.0398
43443.1994
43461.4426
43530.4028
43566.3788
43576.7957
43578.7864
43586.5821
43604.1160
43620.1117
43636.4510
43646.1171
43666.0361
43671.0960
43684.0367
43720.9634
43726.5664
43730.5126
43735.5435
43771.0156
43802.5722
43809.6491
43861.5098
43868.6987
43909.8667
43938.2126
43943.3349
43946.1763
43991.6870
44001.6505
44014.6782
44085.1998
44129.6611
44135.6696
44150.7325
44164.1149
44184.5744
44186.5410
44189.8762
44190.4507
44193.3645
44207.7799
44208.3072
44213.3143
44215.2799
44219.5465
44223.6756
44239.1195
44256.3023
44266.3413
44300.8707
44307.6406
44308.1081
44323.3562
44343.6149
44413.2955
44417.7671
44420.1897
44421.8277
44423.6107
44428.9261
44433.2297
44434.6249
44476.5676
44477.7828
44484.6978
44540.9009
44541.4268
44598.5740
44669.2520
44685.4521
44689.3729
44695.3293
44731.2854
44741.0433
44744.1044
44766.2074
44791.8354
44796.5149
44812.7502
44841.0051
44843.8274
44862.4762
44883.0078
44904.2559
44935.2320
44977.4586
45049.1439
45064.5074
45069.1257
45076.1605
45079.4009
45095.9925
45106.6768
45113.4015
45120.3107
45122.1154
45125.6619
45125.8784
45126.8281
45147.6962
45148.5794
45153.0525
45154.5828
45164.8637
45170.6613
45185.1084
45191.1901
45240.7419
45253.1841
45257.9020
45287.5584
45300.4518
45310.7032
45379.8124
45381.2137
45417.3170
45425.0532
45435.9051
45447.1208
45485.7439
45489.3503
45517.5864
45524.5522
45549.1178
45589.5170
45617.6260
45620.9452
45622.1742
45630.0083
45639.7431
45644.4547
45647.2328
45655.7997
45708.1837
45716.5535
45732.2762
45734.1280
45756.6155
45774.8500
45780.7679
45805.6468
45807.5788
45842.6872
45847.6687
45873.1115
45894.5384
45894.6462
45904.1313
45916.1999
45916.3464
45921.7563
45926.8348
45980.8417
45984.7806
46034.7303
46039.1459
46047.5721
46048.9885
46055.2491
46055.8515
46058.5490
46061.0437
46072.3781
46094.4598
46099.6737
46102.2902
46143.3776
46147.5722
46186.5046
46200.5188
46215.4880
46235.4928
46276.0270
46309.6243
46316.8441
46320.6545
46341.3067
46346.8753
46347.8378
46361.1958
46369.6364
46370.6738
46406.2191
46408.7295
46409.0916
46429.7052
46469.8920
46477.7372
46534.6941
46557.4224
46574.9822
46579.6198
46608.0484
46616.9373
46626.8625
46628.4879
46630.8053
46661.9516
46733.2855
46743.5887
46782.8411
46856.8798
46876.7262
46882.0122
46884.3300
46892.5005
46898.0221
46916.1750
46920.9963
46923.1842
46963.6307
46973.4147
47016.2570
47033.7528
47038.8079
47041.4247
47058.6050
47121.1560
47132.2809
47193.4178
47223.8555
47229.7568
47263.2977
47276.4199
47286.3550
47287.2491
47303.4887
47351.9098
47353.8872
47358.7468
47377.6509
47378.6620
47385.7444
47402.4309
47414.0837
47426.0416
47439.1050
47446.7428
47462.1431
47483.5304
47544.7575
47581.4736
47614.0439
47639.6082
47663.3984
47680.1530
47732.7437
47757.4623
47831.3334
47873.8287
47880.3263
47882.4119
47901.1292
47914.9423
47930.1208
47932.2891
47951.2257
47952.2189
47974.1468
47977.0512
47988.5553
48020.0247
48023.0171
48026.2212
48056.2968
48078.5396
48089.6304
48095.9847
48150.7841
48154.1264
48161.3448
48211.3801
48252.5213
48294.2843
48316.5827
48348.5061
48417.3270
48461.4020
48477.3325
48500.4058
48500.4626
48502.3046
48512.8953
48538.0168
48543.3929
48555.2086
48583.2275
48583.9540
48586.1297
48604.3758
48636.5247
48654.9970
48664.6543
48666.6813
48729.2858
48748.4435
48749.0394
48773.8726
48774.5371
48783.4143
48793.0958
48794.3820
48796.0140
48812.9054
48832.3546
48836.1593
48844.1477
48848.0421
48881.7007
48887.5482
48902.2856
48927.7575
48931.2531
48957.9687
48963.8975
48972.9905
49003.7504
49087.8266
49191.9338
49197.8745
49210.7586
49304.1525
49437.1004
49507.1268
49508.1877
49510.9617
49567.0008
49569.7651
49573.4908
49585.1591
49588.6278
49590.2855
49596.0921
49604.3196
49664.9813
49704.7724
49704.8163
49707.9174
49723.2839
49766.7728
49774.4017
49798.3947
49803.4287
49858.3913
49907.0123
50107.6583
50112.1414
50144.2568
50165.4534
50177.9999
50241.8848
50532.7835
50617.8862
50689.1327
50717.0537
50735.5384
50744.9427
50765.0030
50959.4811
50966.5681
50971.2406
50974.0976
50984.1870
51008.1728
51016.2879
51056.0414
51083.1993
51083.3248
51171.8797
51192.5385
51207.6459
51210.0299
51216.0470
51225.8193
51230.0174
51238.4671
51240.6904
51258.2510
51260.8455
51273.1693
51289.0820
51313.8279
51323.3364
51352.2259
51366.2122
51373.5540
51375.6747
51383.6324
51406.8837
51420.4884
51434.3791
51437.3733
51556.4677
51573.5691
51622.4375
51629.5062
51653.5820
51720.9704
51771.4725
51779.8690
51799.1363
51825.0846
51830.4300
51865.0854
51917.3954
51925.5098
51930.6250
52011.6008
52029.1060
52031.9405
52056.8518
52057.1007
52060.0721
52063.1047
52074.0886
52078.6610
52079.1378
52082.0524
52085.2635
52087.9149
52093.1880
52099.7783
52101.3114
52101.5894
52105.9589
52125.9982
52127.4783
52148.7028
52152.7332
52165.6579
52234.4458
52245.4718
52256.4713
52364.6185
52394.4665
52400.5927
52402.6238
52410.7634
52438.0165
52505.8618
52540.7106
52547.6604
52554.3648
52556.1203
52566.2546
52568.1524
52569.2378
52579.5671
52580.1684
52592.1515
52605.8498
52606.4729
52625.3649
52641.2559
52729.7491
52734.3722
52794.6332
52801.9797
52804.5972
52836.2795
52849.3281
52850.6174
52857.5875
52857.9116
52858.4316
52871.9604
52872.0889
52872.5423
52874.0192
52876.8532
52879.9320
52882.1325
52887.2627
52922.0151
52922.0701
52926.5607
52966.2375
52993.4416
52999.4951
52999.8000
53015.2196
53023.5445
53031.0984
53035.6340
53046.5537
53046.8423
53062.9225
53063.6100
53063.8776
53065.3496
53082.7915
53090.8264
53112.7323
53144.9993
53152.7117
53155.3978
53171.5449
53180.9651
53183.7773
53191.7093
53210.5786
53244.2521
53246.0335
53265.0598
53270.3635
53280.9726
53282.3756
53286.5904
53286.6792
53309.9037
53321.7015
53354.8030
53359.5030
53368.8656
53391.5688
53401.3620
53407.6120
53449.9474
53460.7864
53464.6472
53480.8116
53480.9603
53489.5049
53491.3231
53500.3579
53521.4351
53540.6723
53561.2064
53567.4354
53611.9161
53616.9211
53635.3369
53637.9443
53639.1554
53648.7232
53651.2809
53655.6088
53660.3227
53670.4506
53670.8242
53789.3266
53986.0415
53991.8932
54005.5508
54020.2178
54021.9333
54030.1188
54034.5451
54049.5876
54055.7000
54074.1386
54074.6067
54075.0316
54075.0810
54081.0647
54091.7285
54119.1405
54176.3766
54212.9472
54304.4283
54322.4953
54323.8910
54339.5377
54342.4110
54349.7579
54428.3543
54434.3189
54435.9616
54436.8992
54439.8859
54455.9640
54491.6096
54492.7273
54493.6988
54512.7472
54521.5529
54540.7017
54547.1943
54628.9731
54631.9300
54640.5851
54646.5527
54664.4184
54677.1761
54724.0954
54734.9178
54802.9830
55050.7396
55082.0558
55099.2130
55099.7552
55116.9261
55137.6852
55157.9662
55164.6604
55173.7489
55194.7050
55291.6556
55404.3583
55414.2403
55418.3903
55428.2374
55432.2951
55435.3657
55437.9122
55446.0511
55452.1643
55458.8506
55458.9477
55458.9737
55460.7323
55464.7696
55470.7803
55478.0742
55480.4735
55498.8158
55549.0830
55631.1299
55642.5415
55648.1912
55680.5781
55731.8825
55748.5682
55829.6472
55901.9345
55939.2709
55985.9521
56024.1532
56095.3015
56095.4475
56132.6040
56169.6377
56192.6608
56203.5773
56242.9363
56247.8299
56254.5329
56266.0620
56274.5047
56282.1102
56285.5401
56291.9855
56326.9423
56340.4064
56345.5519
56352.4214
56371.6632
56391.2742
56428.9492
56626.7190
56673.8754
56715.1707
56726.9815
56762.8008
56782.5746
56796.2395
56801.8084
56821.2992
56848.8803
57160.4617
57188.8034
57194.2358
57196.1854
57199.9024
57219.9374
57228.8310
57234.0887
57240.9970
57243.8769
57247.5435
57263.8279
57281.3594
57298.7416
57319.7420
57336.2466
57343.8783
57355.0493
57363.4350
57378.4847
57397.0188
57399.8271
57404.4171
57427.7466
57432.5591
57459.1472
57460.4827
57471.9180
57520.7553
57542.9864
57556.3084
57559.9160
57565.8082
57576.5174
57587.2681
57590.7421
57668.9092
57672.5862
57698.4227
57700.2313
57703.2208
57754.2718
57756.2344
57767.8083
57768.9653
57780.1085
57783.1465
57830.3397
57844.5655
57847.5966
57867.9248
57888.5008
57926.1646
57940.4511
57953.9028
57955.2066
57957.7361
57972.9866
57980.0643
57984.1195
57988.9789
57989.1233
57992.7989
57996.0127
57999.0065
57999.5221
57999.8195
57999.9678
58013.8115
58015.7055
58020.2066
58034.0896
58039.0361
58088.2071
58089.7667
58106.7500
58110.9477
58115.5798
58200.3226
58232.7289
58237.3676
58278.2072
58284.3960
58284.8306
58285.3435
58288.4232
58297.8597
58308.9522
58420.4081
58425.8761
58442.1826
58458.0104
58468.0978
58490.3654
58516.9314
59023.4652
59039.9852
59040.0869
59064.7381
59087.8070
59118.3471
59130.3320
59144.5653
59150.1057
59159.4733
59195.0536
59204.1599
59224.8009
59234.3300
59242.1401
59246.7193
59249.0816
59252.8020
59268.4446
59276.3319
59315.9371
59368.9618
59381.4734
59412.5933
59470.3731
59471.2479
59490.3659
59503.3219
59545.1924
59545.5518
59563.5348
59576.6533
59612.8638
59617.1610
59674.9493
59762.7513
59802.5021
59814.4072
59820.5797
59850.5861
59877.4655
59880.0029
59891.7219
59913.9915
59916.2191
59927.3398
59959.1340
59996.7307
59999.4831
60038.5757
60048.7234
60054.7291
60059.2078
60069.1308
60069.2144
60078.3922
60078.6063
60098.9092
60099.2679
60121.1824
60126.6805
60169.1404
60169.3282
60171.1347
60186.6066
60195.0368
60202.2244
60203.2622
60205.7219
60219.3583
60224.4416
60232.6216
60242.7638
60246.7482
60271.5485
60271.8416
60327.5449
60330.0520
60334.9059
60411.9984
60426.4370
60429.6416
60442.6171
60455.4933
60481.4941
60482.2532
60483.7121
60492.1140
60586.9976
60588.3230
60589.2799
60593.2047
60603.0301
60657.4312
60667.1853
60667.4411
60673.1363
60702.0091
60717.0324
60729.6261
60741.0171
60753.2406
60767.8545
60774.6210
60789.0899
60816.4845
60895.5442
60924.6795
60938.3903
60969.4564
60974.6036
60977.9714
61021.9530
61058.9280
61068.5266
61104.5718
61108.9413
61141.3018
61165.0972
61195.0656
61217.3746
61227.7150
61234.9637
61243.9381
61246.1274
61254.6613
61258.6568
61263.2926
61268.9831
61335.2005
61342.5544
61360.8080
61382.4569
61385.0706
61388.4750
61390.5744
61407.0243
61408.1987
61414.5906
61414.6420
61414.7783
61418.4177
61425.5593
61431.9639
61433.1846
61437.7044
61438.5059
61441.7496
61458.7815
61470.8768
61482.2749
61488.1375
61492.8436
61502.0115
61503.8010
61505.1935
61511.6449
61517.6460
61521.7448
61533.4017
61535.1329
61546.5030
61553.7282
61556.3140
61592.0079
61598.7344
61598.7970
61610.0206
61610.8496
61611.8885
61614.6216
61630.0786
61632.0704
61632.2855
61632.6452
61632.6453
61640.7870
61652.2058
61656.4006
61657.1587
61670.6668
61712.7653
61721.1119
61728.8203
61737.4828
61776.3191
61796.0381
61821.9297
61841.2276
61854.8170
61869.1253
61899.4155
61911.6680
61930.0019
61936.6628
61953.0385
62017.9997
62020.9177
62021.6933
62036.7579
62038.0087
62041.1769
62048.5900
62060.5433
62064.4884
62067.6653
62099.9648
62173.2932
62174.2645
62175.7440
62211.0585
62222.2387
62225.6525
62227.6261
62232.2794
62237.2199
62243.2152
62274.8998
62282.5192
62287.2715
62294.5079
62300.3210
62310.6716
62313.5211
62316.3703
62336.0414
62358.3639
62363.6423
62381.9736
62389.3916
62393.1281
62399.3336
62404.1818
62411.2876
62435.2178
62436.4524
62437.4598
62439.3548
62440.2010
62440.4120
62440.6638
62447.5981
62456.3664
62470.0119
62500.1092
62533.4383
62561.3328
62583.8448
62590.6381
62598.9525
62604.4196
62631.6998
62648.6244
62698.8480
62729.0964
62738.1367
62738.7636
62759.3094
62766.8150
62773.1777
62778.5374
62783.2852
62788.9066
62801.5646
62821.7729
62822.0210
62823.7754
62823.9083
62831.3659
62833.3994
62839.6168
62840.0789
62850.7733
62857.9578
62878.6585
62889.8519
62965.1771
62968.8024
62973.8244
62975.7309
62981.2760
62986.9248
63046.6446
63067.1162
63068.1382
63071.4900
63071.8411
63071.9001
63075.4557
63078.1768
63078.4069
63099.1948
63105.3563
63106.1894
63107.8559
63122.7988
63137.2485
63180.4845
63257.6055
63284.2987
63290.3667
63290.5155
63308.9955
63310.1302
63336.0069
63337.8913
63356.1668
63361.1977
63363.3227
63366.8843
63392.5141
63475.1415
63483.7490
63494.1445
63564.3334
63590.0766
63623.8671
63633.6945
63640.4843
63659.9712
63734.2695
63745.0910
63772.1650
63772.3245
63772.8929
63775.0409
63791.1857
63792.9987
63805.9163
63819.3637
63834.2803
63909.8813
63912.5445
63987.6705
64003.1765
64091.0824
64399.4805
64402.0973
64409.3196
64424.7331
64444.5361
64491.5610
64521.3998
64534.7362
64545.4849
64550.1404
64550.5350
64555.1102
64582.9026
64592.1150
64603.2232
64698.4409
64739.2632
64781.2655
64786.8097
64821.8982
65061.1412
65171.6793
65210.8075
65321.5839
65328.3964
65344.7409
65370.8144
65385.5960
65444.6589
65450.2789
65458.7180
65466.5452
65565.3502
65915.7931
65919.4118
65952.7022
65955.0059
66013.5938
66048.5223
66069.8847
66124.7893
66161.8663
66192.7431
66228.0793
66231.1565
66235.5451
66240.4285
66256.1064
66318.9391
66335.0646
66362.5851
66368.2730
66394.5161
66404.1531
66416.1254
66450.7237
66468.4235
66484.9643
66497.3731
66506.2232
66510.4518
66521.4666
66527.5635
66536.3507
66537.1867
66540.7046
66603.5450
66620.5542
66622.0545
66644.5837
66657.8103
66665.8582
66665.8657
66671.4369
66681.7640
66769.1036
66929.9125
66937.4586
66975.7439
66978.3784
66978.8754
67007.8939
67011.0392
67012.7172
67024.5522
67094.7766
67108.4494
67158.4571
67159.0234
67159.9372
67166.8827
67169.7113
67179.3070
67186.4071
67191.7796
67229.6410
67233.0302
67394.9085
67403.7268
67419.5715
67433.2831
67438.7739
67444.5872
67444.6575
67446.4160
67453.9756
67455.3873
67458.5067
67460.8663
67465.2081
67470.7003
67478.3871
67512.7214
67517.6969
67561.3759
67567.2664
67579.5107
67630.6616
67648.3842
67648.8221
67735.9596
67769.6026
67778.5926
67816.0043
67905.5938
67937.1283
67948.8572
67970.0712
67973.1330
67995.8949
68001.5714
68022.7948
68061.7521
68142.5859
68167.2367
68239.9990
68263.6263
68305.4550
68335.2795
68386.6135
68430.1063
68544.8893
68551.2021
68706.4125
68798.3190
68819.4424
68835.5365
68882.4278
68936.7852
68941.2855
68941.3984
68961.1571
68962.4221
69014.4722
69036.4013
69075.3367
69079.5538
69084.7174
69097.0557
69108.5256
69118.3460
69129.6828
69141.1604
69148.9439
69490.7614
69505.3740
69527.5791
69535.0478
69582.0564
69601.2146
69603.7941
69627.6167
69629.7467
69651.3863
69801.9053
69868.3336
69876.8820
69912.3748
69975.6306
70005.8650
70045.8073
70110.6926
70159.8544
70183.0276
70210.5565
70222.7628
70240.5650
70272.4647
70288.4412
70314.5624
70345.5127
70379.9673
70388.7292
70394.2975
70408.4664
70425.6749
70431.1658
70441.2360
70476.2681
70549.0682
70553.4376
70598.0234
70654.0274
70665.2585
70732.7120
70739.6448
70758.7379
70770.0242
70791.5930
70792.8806
70793.0989
70830.2587
70830.6850
70839.7690
70858.4546
70859.8804
70862.5239
70864.4887
70867.0867
70868.8234
70882.3086
70888.9344
70896.7721
70958.0915
70970.1175
70975.7566
70999.3572
71016.4878
71045.8121
71054.3390
71074.9867
71076.8067
71099.9793
71112.3640
71127.5132
71131.6522
71136.0235
71140.6090
71144.2651
71160.7012
71163.3027
71212.8161
71216.7817
71236.6630
71239.0885
71292.8572
71307.2145
71322.1899
71336.5655
71351.7312
71370.7368
71376.2916
71399.4689
71457.4392
71480.9341
71486.2946
71495.1021
71500.4400
71511.3835
71557.2628
71567.4241
71593.7959
71608.1195
71608.2449
71615.0036
71616.3486
71617.3999
71620.1257
71621.9468
71627.9306
71634.6341
71635.6008
71673.4878
71797.5217
71839.6459
71853.0558
71869.2519
71869.4974
71877.9404
71880.5710
71920.9262
71929.5811
71931.9921
72005.5969
72038.1977
72064.5122
72074.8643
72099.8415
72107.6581
72175.1351
72299.1235
72314.8851
72364.2636
72396.0514
72433.0046
72450.3450
72494.5854
72501.4560
72503.7734
72509.8517
72516.3096
72527.8357
72557.4807
72668.0254
72668.3292
72674.5310
72707.8503
72717.2821
72721.9338
72723.7103
72731.2728
72743.8948
72743.9689
72744.7199
72745.4729
72776.1971
72786.4161
72819.2953
72837.8148
72857.4377
72875.7703
72886.7422
72888.6570
72892.9681
72908.9508
72958.1349
72988.7878
73015.5776
73033.0681
73055.6461
73058.0558
73068.4224
73072.6949
73088.8096
73092.2786
73092.3320
73108.3410
73134.9292
73161.4625
73183.9751
73201.4615
73204.5726
73209.9706
73222.1601
73225.3687
73228.4723
73239.9290
73247.8615
73257.8090
73267.9472
73271.7220
73274.5323
73282.1257
73289.4600
73362.7248
73371.6593
73404.6002
73409.0729
73409.8329
73428.2596
73455.1505
73464.4023
73464.5228
73475.9202
73484.5680
73484.8210
73496.0007
73534.6155
73545.0768
73545.9829
73549.2494
73550.7911
73553.5409
73588.4728
73602.3958
73611.1013
73615.2770
73625.4024
73629.3977
73645.8462
73677.0452
73683.5808
73688.3782
73730.5403
73766.4992
73775.8557
73789.3876
73789.4350
73796.9584
73805.7910
73821.7743
73849.8069
73867.0955
73879.4742
73894.6000
73898.5196
73904.1602
73907.0700
73922.6821
73983.5867
73985.7780
73991.0505
73992.7050
73995.6734
74001.5549
74005.4558
74007.3935
74011.0191
74016.9965
74019.1816
74021.0612
74028.1537
74040.8611
74050.0212
74050.2876
74069.6077
74070.4424
74121.9967
74153.1753
74154.8347
74171.7708
74172.0611
74202.9714
74224.2440
74226.1127
74237.3671
74281.9470
74317.1381
74362.5486
74407.3429
74411.2687
74434.3885
74445.5862
74458.5210
74458.8869
74458.9702
74460.9181
74469.6565
74470.0877
74486.4209
74510.5153
74512.7388
74648.8291
74671.3880
74688.2971
74688.4805
74689.2349
74702.5660
74715.0500
74715.1735
74729.7912
74748.3114
74762.9347
74776.9154
74810.7103
74830.2390
74833.8523
74866.8410
74867.5442
74895.8164
74903.9300
74909.6774
74916.6730
74921.0851
74921.5315
74968.1283
74975.6531
75088.9714
75101.3762
75147.1230
75151.3319
75178.6351
75183.1550
75412.1430
75419.7124
75441.6240
75441.9599
75473.0190
75482.5120
75493.1820
75531.6443
75531.7026
75557.8854
75559.8049
75567.9288
75569.5972
75572.6585
75630.1466
75641.6948
75706.2316
75706.9078
75729.6052
75730.6477
75733.4928
75733.5999
75735.7571
75736.6446
75737.5355
75757.4240
75758.8123
75759.3098
75760.6455
75762.4979
75764.3300
75767.2142
75768.4893
75781.8164
75784.7672
75785.6590
75803.8455
75824.3516
75831.8527
75837.6152
75858.3663
75861.2606
75862.9778
75869.0177
75878.3005
75885.8438
75907.8061
75923.1756
75942.3436
75952.4457
75957.1407
75963.2599
75966.1152
75985.7438
75988.3549
75988.7911
75995.2103
76005.2026
76008.2724
76017.6041
76021.8231
76035.7346
76049.4528
76050.5007
76120.4239
76120.7584
76147.4461
76159.8988
76165.3981
76183.4726
76206.3574
76216.8989
76227.6030
76230.2435
76287.4409
76309.7056
76343.8738
76348.6755
76351.0860
76368.2667
76435.3230
76452.6684
76473.8374
76494.2041
76514.4022
76515.7272
76523.6713
76538.7826
76556.9964
76565.6470
76600.7823
76601.0073
76602.1406
76607.5614
76626.5301
76629.7101
76640.4762
76640.7798
76649.5633
76677.3724
76677.9063
76679.4546
76687.4674
76691.8458
76696.6727
76704.4606
76708.9592
76713.0541
76719.6737
76724.3389
76726.4626
76864.6349
76884.7608
76889.0075
76912.7563
76918.7878
76949.9312
76951.1029
76952.2734
76956.8324
76961.3693
76965.7065
76966.4148
76968.9504
77042.5892
77051.4880
77058.7110
77118.2959
77131.4395
77145.3073
77209.6350
77294.8134
77295.3563
77297.0933
77308.3191
77405.5385
77408.6801
77423.8604
77531.8244
77552.1034
77640.2294
77643.0034
77654.9221
77678.5929
77689.1202
77730.0354
77744.2162
77768.0039
77805.7475
77815.5026
77816.5917
77822.5490
77832.9252
77839.1865
77839.3642
77840.1406
77842.8121
77852.1666
77865.2798
77874.6971
77879.9658
77881.5525
77883.7135
77899.5008
77900.3057
77909.8672
77914.7019
78017.4102
78079.8409
78110.0829
78119.4394
78142.5195
78161.7239
78164.5445
78170.1640
78173.0405
78184.4730
78191.4603
78227.7354
78282.1071
78285.5791
78297.0011
78349.5169
78379.5986
78436.2708
78439.0502
78803.7014
78856.1385
79197.7488
79323.0022
79439.9612
79450.5621
79459.8076
79465.2925
79471.4750
79483.4167
79486.9924
79490.7318
79496.4981
79543.6854
79571.1811
79577.0040
79641.5190
79711.3320
79721.3333
79729.6414
79802.5385
79945.9930
80025.9117
80030.5312
80110.3730
80275.1020
80344.0190
80373.3435
80406.5835
80564.0654
80571.8931
80634.5672
80662.7148
80673.9061
80693.4868
80722.5621
80725.9370
80744.2762
80790.5063
80813.5145
81061.7035
81102.7405
81998.7897
82039.9685
82043.8088
82142.8727
82155.7219
82234.3959
82270.7777
82273.3649
82273.5560
82289.2838
82289.7142
82349.0651
82447.8774
82450.7403
82548.2415
82556.2404
82570.0224
82580.1308
82583.7375
82719.9472
82735.7828
82773.3788
83428.7960
83452.2498
83503.5272
83693.1131
83717.2820
83881.6008
83893.4994
84008.4763
84021.3445
84150.4455
84163.5675
84182.0619
84196.3478
84200.8638
84794.9229
84877.0473
84904.2646
84932.5057
84952.0917
84956.2601
84986.7200
85005.9620
85013.5730
85074.3003
85174.1664
85315.4328
85352.6145
85357.2502
85410.2629
86452.9161
86496.5793
86576.9083
86618.0750
86627.8785
86655.6608
86668.6185
86698.1080
86705.8883
86728.8781
86734.3681
86735.2710
86795.8399
86983.4781
87046.0959
87047.1420
87088.5383
87127.4297
87173.6900
87797.9986
87860.2975
87879.7888
87914.6368
87948.7764
88104.8648
88108.7804
88152.1682
88226.4316
88232.2936
88234.3990
88271.6013
88423.9973
88425.1133
88425.3750
88572.5489
90885.9029
90953.9421
90993.3174
91039.4309
91068.4461
91165.5242
91181.5094
91211.5330
91301.1073
91303.3836
91416.7250
91435.5888
91447.9364
91489.1945
91499.0256
91516.1722
91569.0971
91581.1702
91759.4808
91773.6317
91803.9554
91816.6591
91853.1444
91872.5838
91953.2319
91957.7947
91967.9080
91989.3224
92001.2462
92006.5782
92056.5440
92544.6194
92546.0927
92581.2238
92810.5486
92951.4889
92980.2926
93027.9663
93055.0750
93110.8904
93214.3858
94336.2144
94441.1290
94445.2833
94447.5241
94495.8743
94496.4267
94562.5617
94591.7166
94597.5588
94676.3350
94736.2279
94773.7080
94775.4039
94794.2985
94804.3700
94840.9297
94863.2835
94909.5083
94921.2695
95040.0592
95100.1909
95108.2187
95109.9417
95151.0891
95191.0244
95286.1062
95326.1827
95380.8895
95401.4845
95411.7444
95445.9309
95502.9578
95527.2043
95537.9145
95539.7396
95579.8892
95666.1319
95683.6953
95770.6215
95806.4722
95842.1676
96058.3835
96105.7960
96116.4438
96135.0434
96341.6916
96363.1415
96374.9367
96390.0701
96462.6524
96472.3680
96542.2881
96635.5123
96644.8163
96834.5026
96902.0490
96911.1020
97051.4366
97145.8363
97364.6088
97427.7272
97461.5593
97461.8155
97468.9832
97632.1459
97642.0599
97670.2990
97708.6373
97710.6320
97711.0125
97713.0770
98126.8295
98281.1407
98371.1765
98394.7279
98400.4849
98401.1298
98463.5131
98502.5227
98710.9097
98716.0936
98779.0799
98828.5805
98929.3574
98955.6354
98964.3006
99017.6367
99064.8930
99065.2914
99103.5098
99201.3761
99253.1602
99267.6685
99298.8112
99302.0883
99343.0410
99374.2045
99390.4734
99394.5413
99399.9533
99461.9720
99492.7093
99502.5894
99504.5593
99540.3710
99554.0739
99654.9245
99687.7249
99717.4088
99743.2505
